100 100
244459 237893 206180 241375 236105 221013 242448 255793 249182 241202 195202 256189 254588 214055 222478 224091 223887 221123 226995 232285 248256 218609 263715 247205 199029 213665 259139 186997 217018 211214 234798 251668 229638 259043 222503 227928 220043 247931 224944 213246 232315 226472 216095 204509 235291 223436 210535 224535 236480 220654 213285 235324 212318 203031 232844 210088 208957 239483 258065 229533 225112 217636 220927 244920 231708 224406 249901 232920 208293 233041 245163 213786 218278 241072 228082 200365 242904 223709 237915 263392 211046 214133 226112 268596 273596 241096 222164 236589 226627 215143 217113 218808 256883 209249 249001 241109 220150 229007 239458 213262 
304353 286702 267179 291441 306641 292861 322295 315571 299488 280969 275670 317453 317113 266594 268256 286322 278099 247592 284611 290818 314101 275532 334616 315973 245629 268444 306427 241218 269591 271830 307103 300782 287008 298046 282119 269065 277944 306455 283824 261203 284125 302594 283793 270204 295509 260562 293947 259894 292377 268466 278571 292802 277115 250984 275975 251325 298415 298475 308975 263252 270699 283075 270678 301351 291422 279553 317785 303450 268953 296432 300690 276021 257908 301946 299888 283879 301257 274438 296674 327763 265389 252163 283936 338415 307527 292587 297550 288186 277188 280753 267982 281966 317358 289404 304696 292249 280542 287268 306045 280209 
273913 278950 249386 254175 280775 267142 275633 282188 283169 277430 248075 294819 292301 265808 239255 254079 253900 233505 260634 266715 276029 255904 297291 293606 222893 256039 261806 224029 250211 246990 274776 280651 262683 283042 258942 261368 255504 282199 259592 258856 256148 268389 253239 238308 266880 261397 257580 256404 262995 249041 256423 251495 260348 234447 264592 238576 268462 280796 291641 256314 273662 243772 249692 272698 270838 262990 281357 271962 248500 284153 263381 248298 225290 253871 274432 243414 268216 253968 292425 297634 255001 230822 271116 308986 289339 260477 274765 271321 245217 265599 269377 236441 301847 251353 280039 269625 255050 259357 274520 262323 
208689 207561 200291 223270 210442 225830 222463 223754 248768 216670 198612 234471 237207 214030 194999 220074 191792 198662 224222 209435 224899 217051 235293 231202 183539 201143 234563 192742 208525 206898 225584 218161 228085 218735 205666 211013 195975 230353 204868 193022 207035 211506 209074 199274 219557 199509 203059 206854 205210 205455 211997 220145 201551 200070 224172 195707 221152 231011 231125 208176 218803 186400 217007 237125 207036 214181 223486 217658 206583 229180 242719 200584 182130 198255 215685 198767 232311 203413 221989 245355 211328 188553 210745 252439 241082 210416 223398 221069 207183 221043 199975 208365 246486 213914 233938 200922 194984 225103 217418 210582 
237860 236491 228161 233779 243586 240293 257166 254866 240844 219812 218174 245346 251615 227612 214425 222092 229569 208478 218765 213348 244593 214570 259164 242323 202909 219402 232569 197051 208916 213229 237100 215837 239681 245358 223509 224777 202934 232008 231986 216122 218810 237086 232455 196452 226328 233645 225078 206353 214129 214285 232009 198818 220294 206071 233373 218239 242551 238836 246082 231668 221854 198869 229575 244551 224905 208733 229906 243232 220709 257228 241614 213327 188417 224665 237804 227165 234686 224393 239624 249660 223871 190225 232229 274835 218777 229645 236109 233432 210745 218188 231933 225508 261634 226730 251933 204137 218116 234228 247641 212207 
260608 241738 230940 262877 275719 236622 265931 249499 242312 241662 221828 272214 263661 224853 206196 228137 238579 213254 239319 230394 263514 224056 260308 267679 200905 220858 247705 201709 220739 230235 245208 252747 241063 257456 250884 236978 243031 252850 230829 230796 241353 238302 247451 220269 238730 226582 239852 229496 241200 222149 232366 231341 224691 211453 231852 210111 248442 258732 266073 223891 242078 207996 233975 246646 251675 223019 273602 246942 237404 235348 251826 232951 215705 246471 235254 235415 247229 236500 248143 267334 232119 214057 237906 274427 259039 240741 253064 242424 233482 233923 238940 218972 242411 237495 262580 238746 232082 224353 253917 229876 
261384 257126 238495 258720 283906 244481 274142 279763 272990 270825 234127 295540 285865 260495 231612 256542 255452 246964 264225 274180 265134 250146 276427 288753 222747 243651 266974 203940 233938 250219 254882 289218 265523 269096 242318 256476 243678 262625 255651 253712 248801 269175 255615 237990 276282 253168 260227 241468 244949 240418 252354 239628 228962 226578 251022 220798 249482 272065 290528 244659 251732 227136 239095 252405 250093 259172 289646 254371 246693 266746 276289 239085 235049 267202 255319 235678 276465 253538 267537 308632 236717 233427 259595 289242 287932 255326 266435 259786 249337 251760 243621 235204 280059 238293 279677 254913 234542 246506 247745 226142 
255930 251655 227158 267595 259023 240835 257284 275829 265944 254030 222394 283467 251018 246927 240417 240351 235803 220468 255466 235526 259360 243746 272254 267901 216585 230988 260999 195978 230319 260322 249107 266301 273240 256896 239270 232371 242004 253732 258375 246666 237131 258962 236014 227522 256895 250283 246651 236212 242323 230409 248143 228893 244531 216584 257999 227325 250687 264404 270413 247032 257387 225994 239032 251975 241846 229988 270393 249561 237666 260499 267391 251943 224334 234161 237809 240233 264070 248577 266977 272604 236940 219137 250301 295874 251418 246248 248799 246105 242187 228279 249055 227839 267571 262537 267664 234825 237390 248933 254224 224258 
281664 273758 251242 276898 313646 270222 312344 301715 283024 290790 238111 311997 303823 252298 261906 266252 271680 253280 280080 274969 303602 258948 290903 310545 244725 243797 301772 225643 250303 263228 275013 294176 273777 297032 265124 273411 261753 286464 287115 260103 257331 263063 256949 253056 289193 260566 280065 254225 264804 261489 270888 257849 257517 229807 273617 246778 270601 281669 301193 282887 260669 248063 270037 274785 279329 259910 300687 264508 258544 277460 287971 255430 250196 273096 265796 265443 285471 284495 288943 314955 257729 230168 263453 306224 287168 274853 293036 261833 269834 261661 247281 254422 291567 273813 290511 270875 255706 280764 287573 247780 
285764 287626 262934 288306 284999 277902 313358 302468 296413 264781 260200 306903 295031 274507 261326 282502 272155 257543 284223 279490 294130 266997 300786 299538 233984 247419 262289 230701 241470 265265 279672 285249 303818 291453 259978 266353 278422 277266 283696 251015 262632 286645 268955 254898 268673 278686 259218 251071 267282 254854 253009 247361 262033 250109 269516 251332 267913 289929 297281 259525 265371 241806 260460 275723 269544 256357 296353 278997 247622 300385 286958 259746 244825 290657 285107 267996 295237 275005 287006 303391 259704 235397 264817 314465 272307 279792 268016 272833 253615 273467 258997 278518 302487 260411 293552 268887 274941 275315 279907 248954 
275008 248187 245063 266476 292766 258579 266643 286974 276397 260364 217378 280771 282284 260328 240184 255576 253533 224157 249835 256838 282481 239845 280731 276013 234765 257123 257400 213055 230951 240326 281938 266792 254315 267659 260837 246751 242318 262269 264353 252759 252686 253552 247326 251657 257583 249790 250476 247399 244514 261374 266376 252013 246246 224145 265245 224386 255096 267982 291218 255841 265464 224520 243718 274393 254004 247948 274051 253494 243748 268020 272562 246082 214661 236445 266888 241507 271856 256769 253464 277601 248528 201755 254168 304339 270431 255794 272838 273795 249093 238049 237221 270000 286241 263043 271229 255748 246309 263985 283656 254948 
257441 247091 223182 258451 266676 249603 268030 275156 265224 259144 238184 269668 264067 254501 214174 224583 239800 214044 242170 257678 260548 245773 280365 293521 194604 227825 262195 216621 227087 221339 258815 253050 243021 269738 226639 241021 239172 262494 251813 206422 251686 242063 238603 228066 244214 232124 244172 227194 238179 235396 226363 226438 236152 224721 243228 202641 258741 270621 285212 245835 244955 225052 252063 251750 243002 235598 266312 261085 231173 252016 260595 223658 222341 247734 242492 225527 261762 250243 246465 280274 242835 224441 245298 291507 272411 252035 264755 257979 225874 255712 235985 241272 271752 246910 270094 251983 236700 248437 256494 235876 
261335 246039 231503 262841 238870 237173 257316 260656 251545 234597 214996 263392 270500 237600 235218 266488 228503 232958 248869 248295 260362 234844 283553 259319 221330 237213 263946 204072 234408 218323 257235 251837 243857 257022 233473 229964 230680 269939 232121 225805 240191 241730 238061 230157 255223 244581 233688 233225 242080 229311 231126 237662 236699 212636 246540 224559 236559 256951 282818 233628 235174 224928 244366 246141 240999 240795 259371 256100 228814 270769 265239 226083 218938 249461 261319 248114 247496 254592 270481 280618 240614 227038 249050 293706 256589 256818 247104 239323 237469 229757 236729 228919 259634 218498 270577 245743 241217 249644 252366 240067 
270843 259549 240849 263567 278112 248063 272812 287272 263953 262154 237788 284334 281333 249297 237800 248067 256858 226435 258357 255237 272242 251369 280050 274804 222824 251314 277118 200830 233047 242002 262034 259330 259193 266770 236848 241946 246301 266249 248460 243713 258004 258041 254141 227344 269786 238530 260929 236847 253988 235007 246211 243051 253220 218181 259232 237597 267574 276589 302695 234216 253327 241350 247507 275926 254772 245056 268259 269587 248621 273115 272463 242259 236336 267943 257073 235779 250348 248927 272825 292633 233080 231121 248670 303714 269203 265694 282442 246553 240082 244250 247618 230939 271815 241994 276413 259636 242707 255514 261075 242263 
249349 252911 225917 257591 247829 245978 256697 266232 259190 242908 224361 266762 264836 237190 233055 225973 240445 212910 246882 245937 257754 230431 268208 263035 205111 219247 244890 204456 238644 234680 245737 247876 229143 256625 250451 235982 229709 269900 243041 237116 235442 236917 241084 223114 236869 234555 233563 238459 244574 235888 241440 235456 240535 217035 234996 211409 247602 260641 270496 245104 235999 225771 241895 250075 246995 244091 269195 240362 224048 249960 259844 220555 211632 258584 245425 234547 255455 230761 244477 271623 234327 215182 243649 268598 260255 237574 240049 259954 232803 231554 237963 242530 277933 238385 258572 251024 223337 239821 244623 240541 
242867 254372 218945 243395 235339 237990 248383 243208 236984 244739 214030 256671 253022 221432 208846 230629 211490 195969 229044 228002 243219 230955 262402 248327 186711 210693 236869 188269 217451 213400 245184 236262 235421 249626 226901 225858 225900 245686 224813 213141 225849 230062 216643 216036 236180 216701 236398 227474 229013 220305 220667 238114 219897 197181 235799 212470 239598 244489 244816 227737 226205 220825 223632 236683 233343 210856 235318 233224 212830 229560 233845 212763 213458 226452 222515 214907 242942 220071 247657 257451 209384 203580 228483 271074 248991 227838 231008 227164 220946 228817 217517 204927 252972 215517 239612 232658 235046 238116 231795 228186 
224708 228226 216359 224230 249429 233163 247064 239631 228804 232303 210385 249674 232975 215408 200766 235888 218596 222483 236177 217591 236560 209717 237502 245544 209069 199467 237762 185953 213974 202521 228222 237080 224433 238505 219320 223742 209283 230488 208789 200113 216186 210103 220445 196128 235284 233194 222328 199019 217311 222250 221809 218702 208087 191188 223519 201288 209987 240752 247143 221474 209251 189343 219137 229041 224895 211340 244229 223169 198844 232994 233268 214479 202058 240745 230463 212044 225939 210224 224452 261389 214445 196987 209421 253221 238908 227555 231685 223131 207403 213863 209006 202821 251926 195923 238140 221148 208301 210325 227609 218991 
245349 243798 233476 261621 267989 247741 271125 276336 279466 244954 225861 267613 279300 245591 231972 236632 232293 225353 253302 255010 252796 241974 282531 277501 209143 232529 264805 209044 237873 231230 248354 255718 255692 274591 248592 244969 234230 277399 253586 232071 254731 244328 250017 232036 247771 239582 250347 229318 249692 244579 246855 239794 231567 210201 254861 218008 243987 278594 292608 246769 249919 221537 238737 265661 249590 246217 273477 245544 234137 264590 272678 221858 233160 250004 249291 230608 255165 237320 255686 289409 228719 208669 236277 269211 276873 243502 243973 247328 243749 240012 223057 257661 291849 246351 273785 238433 243951 247815 274607 219710 
246914 231872 218660 224226 233332 215958 231437 232366 238187 214934 197619 255932 233717 217841 212342 218050 222640 203351 235160 211162 234348 229083 241008 254263 195011 210950 243353 184839 209306 222457 238154 232511 217484 231562 220684 215403 213162 237791 209868 215510 214867 224791 222685 224267 229713 224956 221693 214670 210020 201165 208521 225409 214523 195054 221424 195388 229244 232972 243133 220860 216117 198421 205293 226649 210362 211275 237119 227936 213479 234798 236253 200464 203597 214538 236490 202816 238863 216402 228958 257650 202316 200833 225690 268110 231233 209541 248168 211836 199533 205800 217247 193510 253951 213681 235487 225827 187738 217921 225588 217954 
244122 233729 216488 237183 248704 243192 230644 243694 251183 240844 205318 271766 250223 230352 201802 213549 212059 200688 246077 218729 235236 229234 257600 233085 204935 219287 225674 178624 218177 217907 224897 237730 233630 243260 237235 226478 243110 240350 227127 216322 235404 233046 234169 201853 247355 223444 226136 216714 234863 225116 236498 217721 216451 195004 235721 204334 235337 260432 241344 220838 255537 199197 206927 237400 243753 204251 269788 238578 212911 240446 250956 217511 211174 228764 243579 229303 228573 207975 226741 261842 221671 214403 232985 273361 246056 206498 241378 241041 225790 211866 239423 215929 261233 236738 253434 231514 239032 218908 253239 230942 
228802 222486 201556 236762 236567 229912 236961 235498 230206 234745 203459 250106 234475 220799 201398 221160 218935 192208 226681 210541 241799 230386 251830 257459 190902 204430 227273 173952 210097 232663 232612 228393 221130 237832 210374 210215 219168 241348 232245 207713 223657 227650 209676 201890 233368 212535 226293 206120 215140 209561 214361 201913 207816 198418 215099 192665 246693 233903 250714 206777 218188 201241 209934 231163 210189 203093 232666 236931 209366 237688 246922 224490 185539 224739 226694 219539 235269 222171 226886 241365 233833 193624 235300 270289 238987 221747 232364 237269 207329 218883 226383 220651 240025 232368 231240 229552 198761 232797 228343 216620 
279088 261652 257106 273222 277743 282945 301841 297163 280027 264640 255069 289001 279820 270208 257628 263487 254692 232949 288196 272051 286069 243440 303006 279741 233201 243169 265656 237290 244521 262698 267236 258881 275758 279147 259882 264305 263374 284369 255371 262631 244970 270093 255796 250795 282735 271779 278962 247870 259249 251149 262723 245068 262786 245814 257430 232435 270959 284942 281175 254137 276469 235484 257012 250595 260157 255647 302192 265862 236594 270839 278727 244600 242270 254122 281407 265230 273926 266650 287080 305330 245040 243588 258232 305242 269523 268440 265846 267358 266060 267724 249687 264350 283878 256923 287533 264828 268041 254873 277156 248939 
237697 223270 199447 228752 240881 230019 236289 238434 226398 226790 212628 236536 233733 216655 206469 217568 202732 186639 225799 222888 230362 223274 235082 244494 185281 207029 235126 187873 219788 207164 233598 222094 215120 226642 236453 219298 210220 221480 225892 219925 206454 221663 220602 200904 238743 207414 223274 225627 219363 220129 215799 212556 206247 181760 217344 205557 229583 236024 238170 237336 228770 190089 221934 242162 228922 206206 228633 220510 203744 239289 228151 205565 198278 219708 220777 213679 232240 218930 236649 236110 226016 192653 230885 261985 237611 212560 240186 219083 198137 218537 216318 200507 253680 218108 252180 218576 207517 211292 233734 225857 
194771 188600 202644 209143 236729 212262 205749 223015 212324 212464 183146 224430 212565 195101 189543 196820 189025 174090 198048 210866 223254 198989 217093 227659 182795 189676 223956 154814 173194 191606 198047 222023 211171 205360 185461 209370 181565 195237 219462 202921 187542 194935 197925 168841 219707 197538 202419 198301 200009 194030 206093 194169 183235 170448 204270 173153 201867 207001 222780 205115 206598 184516 200409 210699 200509 174894 215497 191236 190520 217454 217873 189925 177321 188289 199248 187116 205516 198007 212497 226911 191597 179694 202619 225868 231645 190257 211742 216838 186954 202587 198349 188649 219842 190621 210933 206518 200862 200005 207692 190230 
269841 260177 228951 259306 264060 240002 255323 260375 245021 242713 210232 272477 271604 242463 238190 238979 223526 206262 247203 249221 260220 234723 274766 261223 219064 234384 253064 198352 234960 226238 259198 247249 246607 259019 242203 238363 224202 237601 250248 231148 226966 236313 234471 222632 250880 242855 250628 241875 248554 235732 231137 235980 229326 215392 239165 206727 245139 267815 245058 256794 251254 215374 222998 248514 242901 219105 258396 236846 214668 252521 247131 228244 225178 248122 253498 206943 255301 225878 241082 249701 239587 227153 243696 291210 262661 240964 252069 238948 234745 243554 216617 236728 272759 224898 259711 240611 235578 220764 258737 240556 
255122 254733 230372 266914 272667 248161 259121 262104 265438 268738 245348 283190 259627 249535 234943 247834 247409 227912 255790 257513 273884 241292 274422 276314 210396 236388 255606 212884 240766 241534 263896 245826 254833 273223 250664 245975 256486 268284 247621 234685 257770 258612 235578 236941 268475 250980 252476 226609 246629 241173 256423 232988 227658 223453 248412 232565 259307 271410 282636 252714 260768 227310 254702 258263 256609 239071 278917 255552 241357 277739 262538 242627 241345 248791 239545 253363 266975 242386 267257 280625 239848 221916 246995 302505 273146 258228 264259 261827 236354 242026 229575 252205 273956 263252 283804 268924 244247 250714 267436 242619 
239175 216654 220211 242692 229647 232276 238961 245959 234971 226825 206631 236221 238987 222501 211748 205648 220972 190366 243565 222441 247935 219894 236520 250702 195100 209357 225943 188582 211527 219144 228605 231382 236639 236229 210839 222446 216365 237731 218898 204088 220828 241694 215663 213708 226232 237130 218557 228685 198863 225091 220808 206921 211328 209090 220755 197001 242824 238910 252304 212376 224696 202316 230768 234009 225716 209042 237401 223079 218285 240644 241608 208794 186584 218776 216965 224800 228048 210581 229091 242257 208536 187020 235217 254892 243504 232544 222893 233773 207556 213773 230222 220550 243804 229329 243700 224174 216577 212957 231880 219356 
243978 215148 226568 235894 262719 241457 264879 261797 254922 240667 203370 271947 261024 230156 202127 224677 219035 221341 236760 221215 262861 239213 256813 258940 214726 220119 254919 208019 217461 233679 250799 251204 246667 248141 214009 238164 224816 247022 224928 222397 237327 240599 226042 221066 238765 231850 230271 227427 239350 216437 237421 234755 217162 205715 222914 210571 231913 250151 254677 212576 245700 213442 234464 245806 220547 222641 259710 225715 227096 242724 262195 228890 219512 219390 261775 223169 239631 229190 242590 260310 218151 217843 237526 279616 267681 215071 235742 246270 235244 226310 216616 225383 267679 227789 239877 231103 221782 213405 242050 226331 
260472 241118 249729 264873 267149 251022 259719 262059 275191 254247 220119 280968 285721 253360 229881 268052 231047 228882 269890 243142 262521 243478 268315 271093 228142 248230 261145 202501 226001 246540 261232 265499 259786 251148 254505 239055 246445 259004 265375 240689 242019 253549 228500 225585 263761 236836 250411 226608 252774 233721 256661 233790 239973 228583 259471 231689 256301 268601 283759 251208 256344 231891 241400 254022 243940 236008 268129 260410 235247 271757 272905 243633 221727 242288 261323 226359 261111 245529 249531 275339 244030 229587 254935 298836 261701 243611 274067 254739 251670 236185 235280 235850 287019 253127 268377 251287 235282 255953 263175 249614 
254928 254227 236957 248981 272173 249842 270838 271762 267638 246858 227147 273858 261322 238940 230790 252446 250077 222874 250262 260764 266463 230844 284629 275475 216160 219201 255198 208666 235649 245686 260061 274834 254752 257384 236151 233162 243378 262748 245257 241215 238652 246844 237278 245927 235265 243452 237236 236395 248745 243908 240458 246297 241682 215990 235180 214586 251154 244890 276580 249390 251807 229570 234494 253984 241603 254170 267956 236000 236002 244344 257219 236747 221730 223244 258946 218972 274656 241650 256401 289913 225139 222182 236603 312945 256198 241919 258689 248591 243340 240175 233592 244009 284784 240079 255418 250219 242871 247173 262392 239624 
239728 237023 217552 238975 242337 242231 232630 240067 263975 244933 230792 266869 258202 221658 221476 218425 217218 201992 247349 240885 242375 213436 265897 257676 188308 206611 238529 188139 225777 227657 230863 232855 239427 248322 228312 227064 234981 237498 235241 205690 229372 233814 222002 214916 243417 229421 213129 210087 227930 226096 242356 224935 216118 212697 228537 216690 240454 255730 250594 226564 231156 213841 224428 241068 240088 229871 241407 237830 213248 253026 244008 219555 213711 248130 237206 220779 249870 228933 251892 263536 211189 201467 240895 265190 249965 223547 224996 240684 202901 238226 222534 224976 258170 236127 260121 235615 231154 221746 253455 223304 
239869 238297 222865 247765 250868 244189 251142 247067 258596 233002 212559 250064 246644 235840 220735 229287 227031 211277 253505 238862 260614 239198 253464 256850 209249 207784 248807 191979 238140 220611 253165 236557 239842 247613 244325 232965 229879 272729 246926 214046 239006 243799 227567 248014 249733 234892 241408 218895 229401 222812 222598 230958 237717 207080 246994 207117 245820 253384 258102 237794 234472 217418 227850 251602 244438 224290 267400 238157 217669 247219 259605 223518 225239 241171 233941 227404 261680 228262 245257 275827 232361 211159 239689 279231 246459 232571 242839 231677 229276 237242 225687 226670 275131 242148 258028 242797 224565 251979 255863 230350 
258017 228291 208512 241060 247418 222499 256230 261944 237973 257370 211937 270229 263377 221291 232164 249823 239786 202095 237380 212180 253340 217445 252348 248640 207606 216837 234565 191553 222076 237635 256515 233324 238806 249197 242093 211912 230652 231128 234636 222093 227611 250064 227040 209724 241728 246497 238552 224793 235651 213366 230948 230311 213488 208625 231618 220071 236541 244209 257301 217087 235536 230436 209330 231308 241074 228129 256077 241176 227515 246207 253701 246598 201411 263921 244197 232972 246242 225175 243770 255694 225632 201334 244911 264226 237023 231085 230271 239074 220151 217704 226457 216315 244412 231822 245462 231175 234875 224618 241429 228854 
284664 260594 249100 267651 280648 266946 282912 285190 288283 256756 233796 301431 291630 253040 246289 249434 261017 238183 267534 268935 297402 244531 297224 292002 239276 231821 287520 215317 234235 247222 269174 270726 266408 280443 247735 251647 271726 277731 258152 242530 268399 271180 256922 247115 274804 246700 269293 243416 260194 252202 254615 245208 258750 242806 261119 242345 270011 290068 287992 238682 261780 234516 260150 271016 265081 255597 288995 263590 251275 262349 286548 240529 250733 264796 269073 253686 279182 265400 287847 310417 250567 243339 262526 324065 286280 267602 275066 270386 267000 263325 249979 253239 280689 254432 281976 263322 270840 260665 278047 249987 
266549 240425 240390 256210 261548 250418 266922 267713 262770 232886 226341 280884 277073 245961 226373 228176 245701 220673 258276 247744 263092 238719 265832 283769 217839 228167 263187 202791 229619 228774 263341 235191 246509 256428 249662 232213 228691 258672 253088 213259 249869 250956 233087 242802 249221 250962 238586 228841 219274 226527 239633 236803 231546 224778 248192 223170 263281 272258 259715 244241 241498 219001 239463 249204 240693 243488 262654 255307 239277 242672 267168 227104 215760 228963 248641 223883 265581 243766 251450 280116 235269 219257 250086 297498 253235 233322 260061 251844 235755 260381 220057 235548 272143 237515 257148 240472 242378 246528 258924 233169 
249032 234850 227700 247357 260421 252975 239077 261183 255300 256536 225854 270068 263317 243005 209310 236028 231061 216756 241642 252146 258678 224456 266131 264368 203945 232179 243311 208596 217035 232414 246420 239504 255998 256740 242672 241248 232131 256251 242900 234745 240609 243250 238777 222575 256920 255365 245337 232525 237201 219637 231812 224257 217040 220417 252628 217579 238308 275040 265625 235575 249519 213199 234573 243550 253159 236789 282805 249389 222177 261229 255358 242186 212287 242777 245894 240408 240126 231684 263141 278421 226450 211572 251166 280955 252750 241993 245500 260082 226246 238210 229446 233112 269734 240623 260113 238873 237331 228114 243630 246675 
234605 236872 214422 248394 240873 246568 249967 258741 248542 234765 223271 244500 238663 235912 230414 241625 223581 214652 233872 227020 223153 239337 263165 255423 186652 228507 228415 198176 211129 221369 244699 244086 246037 235560 205176 227198 221045 238351 225557 223044 211871 240243 218621 202137 233128 232787 218477 227745 230596 220499 226001 225605 225999 223910 214268 218928 237677 256561 267908 219708 232637 195014 227434 249979 226259 208532 233715 237186 210109 236140 227085 207520 203367 227655 230793 219118 245148 225650 227952 249606 225609 200920 232274 264485 248545 222447 232007 241686 211066 236509 217641 225426 253978 215631 253838 249277 224159 228659 234177 219108 
276301 251787 244595 281844 263697 270546 268901 283439 279695 249773 233955 280792 301927 265450 242361 241103 242228 244209 264974 271462 271722 262985 295517 293718 219084 246996 274992 210419 246853 237110 266437 251203 275615 290476 252943 243122 257316 292490 254502 218562 275426 251898 256356 233353 255546 254128 252444 242454 251030 252747 251284 248963 234668 223583 260004 241422 261285 284594 302117 247780 275647 226259 254293 277510 267236 266948 273996 260340 251177 260556 279257 242435 249247 256453 262031 234941 279202 261811 283600 297670 251769 232189 268260 309547 279910 258727 268371 265982 249248 255875 251499 254806 292930 251405 297001 261916 250170 253620 283620 251714 
287016 264176 247498 261638 268481 263954 278372 280337 283878 259220 225744 293633 280020 248750 227408 260581 235661 237334 268085 263403 277078 253517 296491 275498 220411 236514 267296 216098 245504 248459 285557 265883 251688 271911 257251 254977 250163 266292 249483 239259 249828 269191 249368 238080 248938 264081 241106 240945 250041 245977 246430 249766 245079 238321 250379 237614 249088 274081 282207 237712 252085 230615 263103 269832 242938 246876 273462 259749 243747 261087 290736 233527 225751 245892 268827 257030 263592 265631 270855 297407 241527 243373 257887 295154 280966 245952 273201 258071 263600 240677 243152 247211 286101 244774 268204 265392 250103 252429 267754 251697 
248783 236811 218450 250617 256384 243600 247678 267355 272913 244052 218051 270786 247788 239492 221735 229241 250510 208575 262005 233860 258453 243998 264287 259633 206977 236046 257056 199395 227459 220592 254827 250776 248975 257378 243135 234035 234573 268646 244448 219140 233398 238957 223910 230127 231442 244268 229621 230566 233904 216728 231723 235086 233549 214215 239520 199258 245616 274766 283949 238559 237018 212426 230473 248807 230103 234626 264726 242191 214049 247091 265765 227214 214583 233477 236777 229279 269599 241632 239319 274516 231437 221252 242687 293385 278293 234340 260261 250100 232113 246477 238664 236354 273947 230636 259112 246704 222558 233796 245291 232090 
253859 257877 229442 256330 267144 239789 269892 277459 261785 242954 244032 280619 257873 245417 224786 255880 264481 224019 250669 254480 264854 236023 285175 282369 223458 247298 272930 210544 240901 244165 256920 257069 247620 274704 235727 242027 239058 260394 251766 244382 256439 269807 236910 221548 249547 247672 248471 232454 249144 246115 250965 229582 237863 232917 228645 233393 261724 272471 289772 250491 250778 243095 247659 259189 243338 252681 280184 260712 240982 277923 270692 233883 225434 262278 262431 244230 265232 244176 257064 274600 248298 240972 250061 321395 270974 257895 266268 258161 242902 250216 245320 257830 289978 251181 287855 268711 250195 240041 255369 248371 
245688 240231 240389 248582 268014 233417 258318 250406 266805 228655 208872 276214 259930 243701 218363 228198 240461 236712 233139 252736 266204 220905 271550 249696 205235 219822 236894 197860 218084 232558 251195 250872 239286 252578 246318 224348 235933 264557 244577 247907 242662 252705 244677 223833 252277 230241 252152 214326 249104 235763 240171 239146 233502 211644 232307 224492 241912 246307 254146 224527 231246 217144 232622 254905 246225 224956 284397 235457 225266 258208 247065 223777 229789 235094 260346 227746 270094 244885 255555 267748 231825 211064 226051 299119 249292 250574 245672 247753 236804 237563 241501 243406 275564 235501 268922 253561 224525 244819 263578 225236 
243676 242356 226018 263494 269762 231381 266638 274593 256562 254192 234155 276617 253542 247554 247682 258879 259954 219929 247600 243293 265030 235772 268711 280438 216937 233906 257381 201896 232397 245567 253235 266584 261122 251518 237116 235637 234814 248118 237649 245799 235026 239462 227249 227799 264946 251490 249949 222562 233086 236581 247555 246104 230314 217447 247370 220728 244685 263203 281660 258210 243819 221483 228720 247525 254937 243327 262425 254635 241588 263480 271478 235535 214415 239154 256707 235184 241934 244295 252254 282632 237264 212407 256092 302091 258789 246560 254012 253584 223964 236826 237288 247278 257052 244281 265944 244307 240540 246484 254435 236221 
242450 232151 215942 253156 261820 245798 261449 255700 244807 237939 198115 251446 248462 230197 210426 234803 223395 207914 235981 219130 238863 208684 239823 252306 197311 215454 226868 191352 212617 210676 233683 236491 235270 240687 218670 217418 242417 252996 238981 215239 226378 225884 207187 208290 233182 207166 219811 220139 237092 230657 219876 213517 229959 197930 219576 206296 228384 249813 267796 226253 221135 223491 213329 234546 237659 214942 242848 241845 224311 228733 229504 207692 210339 246267 230937 224452 247622 227770 228860 257512 206645 203444 231433 255085 243862 227434 234579 224557 213010 217298 220998 217121 249269 231570 241243 238749 220565 233840 239682 215274 
244689 229396 207641 238959 257067 227763 242839 246425 259358 240782 215687 250109 237881 246313 210130 235247 227874 215760 222175 221880 252133 236831 259209 255514 198385 223100 235842 204531 224495 222187 264074 238343 249488 249906 227973 234806 215253 251026 234091 215189 232794 247440 246599 210488 241941 220994 234104 202156 223981 224967 236185 227295 209278 216903 226317 209398 232103 242455 262437 212814 228957 215912 231618 245014 249502 213571 249729 241475 207334 248086 257867 223784 219874 244485 245577 234597 270133 225335 233251 255067 224392 206955 236003 286248 256315 229916 242378 233763 219084 221827 233961 225170 269401 228732 260541 243659 210301 239245 242865 221342 
229823 224196 215731 229342 246948 227230 235319 234589 238835 228752 202289 242855 236594 210854 206286 226102 215295 197287 243910 216799 239243 198529 230420 245233 202244 193566 222480 188299 206889 226319 240157 244128 225017 222768 207874 224663 223724 233634 234482 225859 203987 234176 214305 212652 236678 225112 213871 201839 209228 204715 222810 203951 215301 207574 222649 200884 220458 223185 237644 205289 212875 199522 235062 228747 216338 205380 238964 228770 220737 242199 236082 217645 205050 233144 225084 219542 243118 202417 239948 249068 209159 203579 227929 254430 237716 217909 237171 243266 224978 213336 221230 202395 266583 221414 232735 224922 212037 219589 214455 221710 
261372 231783 240192 257228 263659 250882 256597 271254 286944 246969 218733 272422 275730 266850 233493 241945 228815 224559 244242 248680 270263 237609 280172 270295 209599 242048 266255 220920 225625 236176 260266 264238 257846 257884 243663 242481 238537 277450 257003 233854 252748 274247 254855 243948 261344 238202 251808 234831 252633 233192 244254 222315 239334 221104 249360 217176 242877 264827 276820 255370 269091 228865 262121 255656 256124 244062 283668 248230 226110 280687 274304 236627 228913 234181 245238 243530 280981 240648 267438 281632 248084 213594 254850 298671 266466 249270 253940 264006 253770 237946 247533 245728 293030 250851 272348 246726 239086 254848 271107 231600 
236643 223296 223351 246611 244325 235886 231658 250423 256969 233101 201978 251680 245635 223680 225670 253389 209091 204059 246557 224699 269648 232079 260639 248835 209449 215972 239951 184371 226314 233655 245331 238238 244159 246414 217908 244134 228112 248233 218701 224507 230214 244432 225374 230064 238185 233796 226877 232411 220159 227630 234400 221692 219292 227961 222384 210245 231450 238530 256813 213151 232749 206743 236687 260526 233462 227659 243659 229717 217618 241563 261394 228741 217344 220667 237661 242925 240597 230701 242511 256439 241110 216745 244015 285742 257624 230455 240521 235503 240860 218388 228849 219903 253949 234657 245464 230778 226119 229912 243593 230687 
261815 248991 236207 257465 270364 257123 265269 271051 265759 250151 232633 280680 261590 236287 215012 241183 242035 236777 251026 255287 279824 239960 288744 260306 221148 222737 262785 210605 239716 245160 265043 258516 255428 257680 260665 257862 250209 255743 246706 232605 244110 274222 247100 236015 265072 247555 252976 239154 245199 244754 256682 246100 241631 216867 240436 245677 255742 252167 270368 231596 242914 228650 247348 279704 258725 243655 276464 247104 243887 271657 263680 249295 240881 241637 246214 233246 260574 232649 270189 277243 229241 219739 250088 307178 251860 247207 263587 250650 242648 240119 238438 244654 293416 252040 286655 245716 240860 255817 265542 245998 
237941 239804 236755 248830 247675 238402 254990 251144 259728 233264 236367 266292 266309 238583 206083 241220 236344 228179 237837 239850 245762 231583 253390 252369 215840 220745 238964 212511 217825 204137 244350 238942 248099 238871 228679 228289 227903 248898 227594 207489 234558 244051 222176 221053 236634 228916 229109 214928 232851 225760 218395 241570 219705 215202 242084 224025 241139 261874 270711 219478 222895 203868 244499 253859 240217 236199 253559 248419 225412 250431 247676 213713 204360 239104 243257 233761 258759 237306 245915 267185 243114 208196 236092 283500 252406 247954 234641 251700 225864 241497 214811 236535 257789 226566 264092 238509 236737 233043 243856 241745 
241272 241726 222622 246021 258789 249842 253765 265209 268990 250997 221340 258512 264653 228911 229040 240304 226373 221704 249191 249770 245282 229102 264921 272081 210663 229496 238574 214088 236453 222748 240737 249787 252232 265140 221544 238418 231588 259598 250861 223348 234198 227108 233919 213883 233672 235869 223759 230290 239258 234228 241399 226217 233963 222069 233658 222286 247002 259193 276204 235641 246514 220587 244616 249282 258178 234073 257438 248325 224873 246318 252586 219839 226269 241688 248751 242424 264802 228009 240142 263066 237533 224216 230040 279733 273184 233496 248991 249265 239209 239740 229498 251195 280437 239602 266092 237187 231571 238656 256610 236211 
259833 248178 231441 253333 275062 274516 297492 284665 278386 258826 241208 285836 269222 252987 229499 237861 256365 227746 259951 257930 267151 250737 265371 276883 209028 230325 266967 246466 223660 242726 266780 260758 261678 276138 236334 252113 249599 270886 255288 226429 247904 261830 254569 239256 264561 232851 272285 246206 253871 238100 251685 245412 233532 210735 254313 218720 267226 263151 277425 252039 261468 229636 256114 271574 255122 236640 275163 254870 239732 273968 267827 234480 227599 239312 257834 245854 270285 236546 255050 283388 245787 214404 245374 308696 264647 245218 258731 251997 234646 263970 247449 253089 281763 260153 271278 251147 253623 250903 275991 235356 
260328 240407 242892 260589 269638 247947 266007 272632 262837 248287 215929 280550 292579 238996 225101 238853 228683 226428 241826 245862 278494 257828 279809 286298 226618 231365 266838 205320 212425 230574 255726 260957 249930 265817 234002 251760 238947 274242 236588 228200 244072 244761 228211 232864 260081 237959 247449 225186 229329 236808 237087 236689 224657 222838 252110 220608 249686 263509 279427 228879 246903 213378 247024 247993 260053 248188 278278 264692 230169 240221 265796 236052 229538 242470 240171 246975 248268 247344 257613 298492 243421 230882 254477 299220 272435 254255 257447 258543 242479 224794 237531 229289 255649 244933 246935 245061 243303 245681 255694 234069 
274990 252872 238593 262044 264064 256413 269219 266777 271086 249693 242446 279720 282099 247354 230174 263705 254144 232887 263625 269737 267034 231956 271661 282430 208221 228280 258931 218759 231012 254491 274741 269872 254010 256125 225621 230020 236972 256288 261391 228172 246765 250866 233285 233485 250513 246921 241274 239190 246523 241690 260155 229112 233952 231823 246118 234684 263086 275906 282560 256679 248069 225162 254293 244069 254899 250158 266804 260665 236276 274676 264657 232494 216983 264060 249548 234937 270090 222427 263486 274250 246098 224458 256809 293838 265090 253420 266370 260786 229877 247356 234349 245995 278707 251474 268333 253478 250400 251560 255651 248987 
246784 229091 230542 246942 274426 239477 262857 276977 275673 257057 211111 258366 270898 240292 242639 247183 222243 210777 235139 231915 258565 242500 272035 282764 213463 233180 252773 205585 228002 228752 259100 251414 246994 252703 223965 239577 231511 258896 240280 233916 239326 243255 229704 218143 250763 231861 233912 230106 249458 226768 235455 236788 238247 216323 234404 205560 235761 275665 279651 243587 229746 224525 240704 254296 250494 238800 251027 231029 222388 251687 252157 226494 224401 247154 251467 236524 245615 244816 248544 267315 243170 221143 245700 282909 263466 236060 242765 254984 234462 231907 232364 237854 266944 235794 247842 244853 225579 234446 259373 239907 
244881 243068 229056 243245 252189 228212 241575 254858 246830 247814 223918 264403 251604 227574 226631 232144 229769 220244 232614 227755 249068 247944 261575 263621 225513 209756 254359 190460 210377 216953 246882 249655 242924 231549 231863 226800 231053 248331 239152 226724 233364 247895 223049 221501 265866 235667 247332 227904 233604 220270 219375 231824 230825 212724 241913 221087 248229 258308 255468 227621 236845 213639 223835 242532 247509 211734 252658 246668 224430 245867 240459 227386 224203 229752 219797 232340 244091 223565 248833 273934 226834 216833 242652 279607 269243 228970 246510 250545 225972 224678 213030 230698 269373 230233 260084 242261 227431 242079 240350 235657 
240521 228100 222452 243756 256341 239804 262537 257972 254777 239657 218673 257610 254595 224863 214961 215306 227414 201693 237692 229039 254494 244737 258098 259113 220315 213098 259824 199906 216984 223988 243224 244711 241674 248552 230135 236498 239024 262785 223298 226281 242569 244110 226936 229614 247480 235802 230679 222670 226652 215340 228508 232429 235060 218265 243232 212801 247622 255357 267492 209540 252765 207043 231710 243240 231739 220441 274362 243813 234632 241198 258188 224045 209663 239361 241254 237295 237667 220249 234620 272166 234873 222850 237941 281643 273296 233381 236801 250886 237181 232725 228140 232613 253244 221333 260517 248545 237706 231225 240238 229010 
272407 250894 244643 275350 268535 253579 282371 269191 284307 258216 220979 305040 290671 272950 240767 248960 260535 239039 270639 255176 287503 242242 276256 298957 219393 230622 258455 220597 244296 250555 275066 275380 260521 267472 257633 245520 247103 285276 248385 222125 261526 254025 251600 229661 260160 245907 247151 238441 246075 262788 257092 241220 235745 229901 254269 227500 264813 265222 274716 251947 236196 239338 247005 272693 274631 251791 268030 271161 249383 282768 277449 248736 226728 257293 264901 244808 268448 245494 258021 283731 246171 219275 266887 310853 278726 260941 267720 263905 241617 266223 246060 260843 293592 259392 277954 253501 245917 262688 272172 237921 
264235 252644 220773 265363 257908 237798 267738 260693 267843 242986 222415 271288 267282 254274 230050 234873 239036 226129 253584 248182 251826 232185 274435 269980 201728 242875 238849 208960 249294 240344 260524 245712 251654 275218 246892 231924 235025 270770 240335 234171 251760 236537 247262 235961 244707 237690 235203 219251 235853 234000 231759 234491 226008 218898 242657 219928 251833 265481 275545 234610 238430 216171 231738 249002 250185 237378 258653 256987 234997 249250 270639 232416 224106 258626 260021 221025 264793 229312 251727 276304 226106 218034 239627 280236 262298 254868 245027 236019 233369 231032 233286 244756 279343 235241 263562 251322 211325 241497 254625 226089 
257373 246928 226367 251071 248119 247327 250377 249953 258761 248482 229480 280035 264587 234687 211460 212098 222946 220646 238215 234549 260422 229657 278430 261462 206006 228537 252464 205116 235559 229424 249668 236059 229048 249199 239974 236995 233825 255181 254323 225562 254571 242491 240966 220156 254427 227880 220585 229564 234675 226858 242506 227635 232544 208413 241508 227736 244340 260609 251140 241889 234592 233557 250512 258290 247422 229933 273093 249659 237077 259182 263255 227818 221044 234191 253646 237401 248139 239645 253363 270331 234713 227361 249310 307443 251588 232896 257910 252725 238012 234530 242882 233137 288464 246295 262227 237991 226968 246697 252819 244291 
224495 216835 199797 234774 237822 227897 253720 248022 236671 230103 206242 251874 236246 216421 208932 206142 217864 198777 222765 222021 237083 203827 235687 260418 194380 193548 242792 202010 219838 208328 233023 230093 221851 224574 215059 210077 224059 244323 227334 203171 212734 220627 206682 222688 232104 208344 215092 216338 224307 213654 212642 213524 221299 184387 204712 195576 226370 245558 246679 216695 235227 209861 222541 230108 218579 222107 241679 214290 207639 234701 236358 205147 187238 227439 236368 224323 235186 223412 237152 249423 205559 191416 220423 261921 239749 211788 223570 240796 221927 227841 201725 229224 247150 223849 235525 242814 211087 214702 231337 216788 
248961 235657 221046 257212 246159 240208 259153 258107 279787 242854 239400 262740 265865 240564 234647 232488 235312 219809 258967 232758 248045 235716 261856 260721 204939 227533 258773 211396 232260 233113 258096 240554 248553 254873 240019 237426 236182 271921 240687 217594 243549 245521 245568 225651 248126 243216 239492 219809 241532 228839 243904 227445 223640 222928 243782 219777 227666 258714 267994 249978 250846 217818 235054 246253 249888 236248 255169 246798 219202 268453 256598 230624 223787 246473 238966 226066 269868 240153 255565 277574 225238 207471 249471 280060 269121 239461 245206 251488 225453 233479 215880 230779 284388 233801 271974 237044 228834 232098 258271 219536 
263228 257774 237189 274464 280211 262115 272368 279019 269631 260564 231428 274288 287812 253874 238811 251871 246400 218148 264653 248986 274453 242480 259599 272583 222187 235053 258494 230485 239910 238951 266719 258694 255802 267568 242713 244242 239583 267906 255868 251804 240504 257355 234518 243266 261015 246377 256595 237338 241783 232760 248255 242780 239110 228274 251172 221743 270772 267026 277126 242429 271624 230669 245320 250375 273068 235912 275722 273988 255156 266430 273683 233881 227657 263677 265576 244314 266668 236265 259686 292412 243522 234289 254798 299685 289953 246174 274228 257640 232738 261238 253100 242721 276803 255814 272849 260350 254566 249809 252589 243393 
252228 245177 237986 267946 270664 246087 287678 286833 269950 265314 236795 279936 260420 246839 250437 253001 256827 217419 260362 257399 270299 241574 291494 283296 217063 235511 275412 220837 245606 243053 258720 273747 256810 277891 255082 255668 251405 264703 256176 242308 229143 258491 259377 229217 263944 235631 267003 248381 258698 234540 235378 246835 257314 224672 246657 214328 240831 276022 290866 256684 252816 241250 240528 259486 255401 245700 283352 255178 235117 265520 267653 232590 227939 259495 257020 252822 252633 265375 274013 284520 243269 228611 256845 307540 267082 253428 256047 249902 244699 260178 267637 252559 276080 250790 287609 247877 248322 257050 272686 249398 
252087 245666 246177 265700 257342 255075 260601 275052 263003 247628 242376 267546 271938 240829 231503 255865 240318 234109 249442 249388 252515 238084 276788 269837 210954 234425 267879 213862 227905 241359 235020 259969 257162 258506 242132 241385 250081 266945 252865 220776 258047 258381 247448 227969 271906 236813 247312 243128 250950 233222 228742 225982 241809 214246 252685 222607 247574 280736 278596 246791 260560 234563 238455 255187 247880 237054 276679 254814 236232 273385 257004 229868 217494 267937 245759 237777 258319 247014 261271 272631 255771 239178 262980 292848 272761 261799 251778 263060 230903 259199 257023 250357 273581 242721 295969 252607 247399 256834 259842 240329 
264247 263285 256439 268002 290293 250893 286087 287450 279649 281370 253203 303250 294153 252837 235259 278320 250867 240703 251904 260151 291495 266276 290090 301771 237103 249252 277707 229392 237201 239778 286604 283447 279084 268035 253911 261942 253234 263426 252185 251392 259238 276874 268781 239895 278343 270455 263039 246570 260328 241366 262615 257902 231570 241592 264938 233714 261520 271860 294111 253178 270040 233114 269773 274714 256837 246142 284317 262084 264769 286007 282319 256908 227898 254327 265564 271766 277817 256413 274333 308896 254453 241507 269009 307792 295679 250520 263763 287958 249510 244139 252339 251889 297222 263770 267146 262387 263357 257545 272365 259724 
248306 249429 234697 270035 277164 265277 269637 270373 280966 259664 234422 279456 279723 244103 233124 232288 247657 224692 249126 253486 280141 249009 276252 276131 204745 236404 257232 211058 241334 232269 256524 262340 250542 270155 232469 254329 240340 271841 255432 240094 238862 254047 238864 241891 259852 239156 258431 251860 242040 232121 247650 238781 232080 215703 242149 216396 260136 269675 276279 254323 259671 210941 260627 276219 253898 251756 262930 258236 245857 260089 275872 221762 227396 247846 245651 238488 267485 252328 267928 289466 239800 211560 245252 294014 288471 245095 249148 260617 235084 249335 239571 236597 273379 256971 270793 251518 229876 246512 276049 232829 
256295 253830 228946 259836 265491 253249 270129 257239 266746 252061 224636 268648 260155 232233 216589 241115 226841 224340 240422 240195 246113 228416 267835 259149 202816 213595 238269 222652 225007 235135 262788 255357 251614 261603 224557 233740 245007 260200 242557 223067 234207 244582 224627 225831 245915 235317 250924 219852 243273 224418 245446 238710 229155 209615 249519 215518 243386 253468 260189 225484 239692 238232 248645 240719 245046 230800 273027 255980 235385 251651 263080 231660 220604 244296 258664 244954 248850 231652 249901 259828 235750 224923 239232 295850 259580 232325 251333 242801 236409 234169 251974 227926 256666 247497 271071 239477 235713 237723 255894 228338 
260575 265668 229703 267848 280410 249683 275057 278982 277396 264543 232454 287828 264521 250690 221371 246743 259657 231421 261981 253048 274543 238442 278717 280439 210983 241064 267851 222380 245058 252292 274732 262812 254755 292150 246443 256132 258720 279679 243982 243190 263267 262926 265438 225233 254903 253141 258469 239613 271211 235434 240964 258959 231988 229294 254151 218370 246742 280372 292397 246549 251943 242282 259471 267794 241737 252919 289915 256019 246775 271328 284798 236288 239298 268465 274512 243629 269383 254254 269859 289515 235155 228814 256965 302745 269973 254364 270622 271300 250127 260462 250694 254915 289462 251173 289566 259448 251306 252661 270700 248751 
237503 233632 215753 232815 250654 214323 255547 254700 251374 244212 217651 259479 247473 237735 214748 236226 239886 220212 239795 242601 258942 228089 254143 251398 199492 209908 243443 197833 224863 227902 256514 256300 229111 248228 228120 217921 223668 235471 226971 216811 218902 247982 223939 224554 236714 217190 227639 234545 234835 224401 219647 227174 231690 210507 219081 210582 245492 242412 261286 232681 212740 208886 235227 244478 229827 235531 248950 228544 206894 240082 252164 218665 200131 230805 231383 222640 252753 224383 231390 254476 238082 201274 232457 272707 247256 230793 239428 237109 228451 230363 232807 219559 259366 228451 246488 245973 204516 228520 241970 226273 
232139 234784 189522 226126 224641 222000 240312 244955 225849 219381 187222 244017 242620 219770 203701 207011 208411 201245 221844 223658 233484 210816 242154 253870 186645 182728 235254 180429 220990 196084 232510 227878 215258 237243 223560 200548 218848 258108 220390 197295 232278 222510 213525 220682 217622 215707 193412 206029 215884 217715 191115 218610 225908 197926 217393 180793 227595 239084 239506 213150 201633 210226 214466 228637 222873 215027 245275 226477 204250 214452 228091 205944 196781 226252 235802 220101 239306 222510 228918 260274 221556 197807 220242 262952 240575 225692 221020 229762 222036 223311 212697 214555 252972 210825 226929 236146 212972 228187 216902 218477 
257121 251825 238470 253101 266895 254928 262911 270810 288679 251552 229731 285387 277603 261227 226668 253321 245484 231340 249587 249512 262478 241539 273935 274627 211955 230951 250059 224665 230697 228460 262178 264796 251014 246015 241800 245208 249534 280109 243382 228185 252958 248978 243998 244851 258545 247922 247648 232203 251571 230645 251147 233670 241097 226455 255192 217154 259635 278940 273869 247627 250670 229326 254005 264674 237136 250206 277605 254804 233544 272626 272250 227352 225842 251682 256910 239256 267781 242048 256071 295892 235477 229755 243127 310979 261765 246883 249054 263827 231843 247707 245499 235476 290297 242197 256394 248998 248016 257345 263920 240221 
228069 241281 231132 244569 254021 235606 262040 250997 264449 241177 251359 266896 251747 231371 232742 237571 233470 223335 250799 230684 239151 222785 264869 256843 193046 229011 248846 209639 206940 227003 240781 260158 242248 258310 218643 231673 230319 254616 240771 220314 236687 238507 226410 215010 253189 240308 226694 216224 220278 222963 237056 232458 224207 207201 245291 213748 247304 260205 263464 229883 230844 202041 234220 233123 229387 226506 266836 251243 220149 249660 253778 221769 201784 234937 229635 246027 249924 229176 246853 262257 241375 215490 234023 274772 276549 231873 251055 243825 215189 239255 229810 230384 245783 237439 254445 234838 235621 228243 246900 222219 
267309 247409 236772 265496 272635 246499 276019 287951 273341 261584 227701 294699 278748 244995 249670 249276 243252 231081 256872 250411 272974 240914 281959 274975 231831 246652 253228 218974 236357 229960 268429 269155 246215 268972 259690 261938 248230 270109 243618 255206 248523 253568 240054 234709 265826 240067 271541 242339 257841 242061 250212 266057 221458 208542 251561 214349 252111 280786 283231 234181 251565 228680 255472 263085 264241 260893 273416 269662 241152 257260 264967 239225 237265 261463 264750 252728 262579 252838 276445 292808 241103 230885 252743 301496 273358 256018 264710 257276 245246 241215 239847 258421 262549 253735 279479 253959 241104 237904 277435 242849 
271281 262759 230620 273826 259440 255792 289339 271366 270069 248350 223399 271398 269518 242991 225124 244499 249385 224635 258887 252546 280438 245394 279508 281591 213986 219483 273926 220419 238956 235790 265973 259815 266211 260860 232350 231828 250916 290596 246377 228239 242348 252639 230860 239466 259665 233885 251137 238483 256485 226830 249559 251629 256532 229778 248121 225951 257539 259841 274303 234063 251420 236353 249820 265740 254511 243819 273775 250573 246171 260256 270950 229590 223487 258806 271547 251358 273562 239744 264128 279765 230330 238994 265990 306943 279981 246433 246774 250549 247859 250353 260926 237873 263811 252606 257738 250430 235722 257640 263888 240947 
244277 245299 237514 257404 256832 258551 255674 264928 275301 241936 232497 266781 266250 239652 217519 236676 240605 223805 243814 245821 266057 236275 269557 269930 201279 223367 255266 203192 213526 218169 239102 246586 256130 272977 232639 242344 246607 262984 253543 216690 259937 248829 232883 230192 242766 245958 237078 220014 232975 236298 235358 229336 230101 224576 252031 219718 251032 279590 277332 245084 238569 210312 240759 247758 249945 231810 278454 242562 231224 259153 261637 230080 228200 253543 230518 229022 265547 247386 249938 278075 246262 214205 246597 290378 268227 255752 240341 250633 229954 252689 237808 243723 268481 239425 268784 235270 238560 249998 244203 239154 
261027 260600 268298 290654 282658 263349 284789 293825 283175 279995 258772 293744 286601 256879 253520 274936 252331 258542 265619 266172 300620 279065 295526 293986 238078 257128 310342 230867 252538 242501 284277 272663 279368 284095 264809 266854 253662 293019 253344 253904 272583 277326 278810 253609 307917 278381 277534 262781 277409 243724 258973 269829 254076 232418 281819 236105 269455 287007 306229 263512 285567 238137 272872 292201 264497 251524 297951 275317 255107 290350 284107 263784 247020 278309 282413 266219 285730 266392 286240 305086 274137 258746 280027 328754 302125 275100 273196 277431 261287 262302 277131 246922 303696 260397 303659 277126 246340 267690 277420 275564 
246417 241166 238273 246530 255836 235691 266957 262185 262115 240331 225083 274629 248693 234410 215821 220075 232798 214007 257184 229002 257857 224235 258331 264014 200097 213476 240345 218836 225009 226301 252343 250323 248876 259808 250245 234059 242336 256115 249460 227833 237354 234160 236224 231098 239484 222872 237634 224888 233147 233016 218510 239834 238499 213218 233675 198798 242077 264704 248677 244441 232574 209000 230867 237956 249076 230027 261136 252572 226878 249072 240839 224371 221005 224226 242752 231590 257107 239862 239571 273515 233780 217991 228846 294445 261964 228520 249288 246199 220063 255532 218373 246912 275198 248098 273199 237109 225779 238007 265239 243486 
242010 225698 225344 238045 239548 246512 255277 263177 246529 238834 232772 268588 247497 227883 202642 230212 231354 210882 239217 229432 257560 237120 274987 261097 202873 225191 236427 205185 244637 237243 249565 228829 217197 235651 238928 224732 218827 240026 240141 227812 233549 236781 229316 212869 231474 231223 237548 226336 234993 241888 246021 222705 244527 206490 219863 224110 233277 251868 251787 244522 233343 225445 234644 257526 239376 237355 260440 239091 226457 266731 261604 221468 214773 236962 257329 209292 242882 243308 240599 261510 221612 216356 234573 286799 239096 216323 243621 236757 207373 234756 203331 228167 289643 241465 269917 227420 223272 239640 255314 239821 
261149 257545 224138 256283 271864 250893 276791 277196 252198 247129 224362 266635 247760 241293 229290 247464 248954 234720 256859 254117 264936 222068 283741 273828 207898 226146 269246 204319 229381 245545 266403 259059 254687 267128 239489 243145 249021 259734 236317 237021 243897 271444 228831 241193 268220 254096 252260 227677 233647 224146 223229 228013 234717 225728 224646 208093 248308 263347 268019 233845 232526 222170 243541 238406 232362 242377 277742 249332 234223 240396 255688 238731 226426 243696 258037 239000 265064 249499 272705 282005 229722 236082 238532 305698 250647 256761 254774 235692 238268 244228 244471 233312 250499 242995 272328 254291 239490 242599 252132 231151 
231227 218487 207829 242710 242323 226381 238179 242507 224544 221622 196450 243395 226342 215382 208966 213349 208627 198091 242952 209634 231030 206585 238454 241041 195146 207696 242190 184636 219791 223669 219353 217260 221910 228659 211835 209138 215472 234349 210636 223699 211771 225302 212707 203723 232994 226214 219558 208014 220500 212914 214079 213968 215500 199126 213064 201822 218273 239174 225669 206190 229540 193133 195212 238062 238601 207635 248742 230843 216930 239103 232995 230536 198479 222033 239336 210443 222775 201184 225243 240797 201787 195101 230214 254673 233721 208274 219951 227113 203446 213787 214078 205987 235380 226065 237048 223089 201146 210063 230968 205512 
251738 261987 239839 262216 275289 240133 272091 271033 266240 258636 245338 287917 260586 251315 234959 253788 248146 240418 253828 253305 272256 228293 279543 291081 209782 227660 261012 209041 232392 251135 264032 263632 261775 269069 251810 246388 245034 258418 253345 244093 240348 248434 236947 236633 272586 261656 247081 225959 229364 231115 246710 240892 232799 225491 238046 222398 246389 273723 274369 246664 240618 214696 238150 238903 259467 249985 282042 255446 248200 261254 257436 246374 225570 262814 253074 240326 253009 237726 268019 278796 227325 225545 253307 281934 267381 259824 254017 245582 242205 254583 241709 241659 275098 243953 271182 245443 214406 237438 255051 234836 
249300 249275 227976 247044 256528 248359 266412 270005 269212 250892 232377 263378 260025 236109 232088 232345 239555 214328 239846 226808 264352 255644 272663 267803 214431 235749 255478 216597 226393 225555 264979 246822 239771 269334 237664 234009 234527 269541 239703 237921 240392 258205 227686 228820 231898 236561 248299 234625 248277 218407 228884 243747 241898 216968 238913 221208 244683 269013 269194 240965 246520 228128 243690 234647 252228 237058 270110 253891 231342 242044 258194 224535 220390 256899 251758 247678 263636 254220 260501 284526 225545 227195 244337 287524 275532 243098 256223 240862 224582 235360 237382 234708 281730 240980 263926 240987 232645 244329 244563 254371 
236377 248902 223595 244015 275728 254383 271337 265732 263571 264500 233395 272262 255165 247074 224686 236969 240087 227538 248544 244778 258251 238263 261884 268605 210185 234876 252579 210343 227268 236388 254011 258669 253029 262268 230556 242938 236674 259033 236951 233027 242233 250029 224707 203865 258339 239106 241912 233090 246041 232437 240919 225365 233782 204751 245046 217140 247000 262653 273042 241829 224189 235034 245873 248999 238608 236071 255183 247040 224277 253794 259076 232104 217870 249613 247017 237983 263134 250631 259789 271367 237725 224473 230602 291315 260118 239690 255739 248972 234433 245412 236942 227750 260981 239119 257031 246183 230667 236116 252053 225396 
261965 252028 250129 254909 282794 266923 267457 270775 274129 259175 248313 282651 292741 246703 235492 251632 238906 217516 260787 251810 279793 249156 287399 289995 219734 246280 280651 211253 243055 242504 262029 285581 265750 275754 245590 252186 234296 263958 264686 228622 258874 272326 240454 243379 265700 251796 259286 228687 253149 229259 251273 247883 243409 226628 253278 227722 283951 281969 276448 252373 248233 231083 248909 272721 254199 239291 287991 267341 239766 265651 282224 243087 232473 250227 241934 255536 267523 263251 265633 300715 257246 220570 263030 297063 293942 251220 260951 270791 244728 262920 252247 248331 275763 267118 269004 256140 252949 251310 264068 247375 
224428 230512 217029 225066 229025 238423 243645 239784 238669 231290 216171 257663 235485 211088 217220 244548 226644 189506 241680 226794 252151 218984 254115 231765 180846 212407 238298 195817 216755 207130 235773 224954 221948 245356 219604 228853 207175 231948 222596 202280 210362 235253 213322 203300 226211 215182 219273 206163 226015 219604 223936 208187 216390 206821 224465 205760 241191 245718 249491 220876 211419 202945 236160 252939 220658 204497 224259 248855 210367 244998 229019 208958 207026 223699 213809 234652 249554 224540 223690 245036 229594 207599 219503 279907 244224 221474 229779 218664 216136 239204 206621 214742 238265 230254 233207 228344 226262 238874 236231 222856 
235127 238554 226215 236776 257547 248039 248973 263415 256470 238020 240425 249057 253228 223893 225873 253925 229316 212192 239933 234361 253715 238239 265254 252550 210303 234481 243802 204801 213386 214246 241817 247175 250409 253597 219452 235984 234919 242198 236156 238211 232220 243144 209712 224268 253460 240517 232771 222037 232662 215788 223350 227708 227261 230931 230023 215967 238682 261729 270687 230129 234504 202096 233831 247673 232303 222644 261274 250264 215322 248247 258766 221654 218468 239751 242932 232762 262090 234750 233444 270019 241842 224222 228383 277722 274784 242372 242975 244171 215230 235330 221365 229418 270974 225303 255572 244095 239612 237255 240170 242279 
256970 243251 222382 257303 260229 240975 256035 261038 268465 245494 214987 269390 254585 241807 237208 235630 226026 220975 248875 230185 262628 243443 277843 267105 205335 228365 261594 208846 234246 245541 259289 242921 253940 276271 240121 243025 235677 262403 242719 233481 244394 250136 240364 231694 248000 227125 239676 224589 241744 231305 227281 243240 231601 216571 243971 229111 246166 273038 280397 234761 240514 226631 238539 253681 242974 240065 269517 244899 220326 253054 256637 230631 226778 255246 246811 234391 250234 253400 248502 273750 238026 218531 242021 287706 256144 250132 246888 242271 229984 236123 233665 238139 263050 241136 282006 258724 221814 237992 261185 233647 
248187 222517 196765 237132 239506 239133 242603 248490 253814 229920 204060 245413 220775 230681 201491 228694 235642 200384 238457 229428 250896 212264 244943 260549 197734 200630 240050 192295 219945 227214 241089 239540 218080 221601 227304 226577 222776 244721 222849 212823 219728 240348 227970 223493 238406 219122 226208 213724 225229 224240 226846 222320 230172 203569 216369 189303 227959 242453 243679 218815 213528 211132 234266 240073 237707 220669 250817 231113 212626 237452 251427 214738 209065 221290 253387 223534 244763 221869 242177 261785 215933 201232 238450 290145 242636 220360 231045 239962 211173 228706 227653 222057 248037 227601 255820 225758 210041 227216 240192 229968 
247482 225478 235014 244443 235956 243676 254182 263620 247428 232508 224784 250780 241810 239944 216814 245831 231779 206720 253203 230111 261976 235301 274105 265603 207448 236992 234484 209302 212989 238986 252616 251980 255276 238073 223566 218102 218617 243140 244630 237946 226373 249515 218823 209749 238026 241510 238237 228092 236182 233989 246131 221499 238257 222782 228138 209909 241745 261271 263172 227042 243442 220370 228046 230065 239055 219318 270799 253123 216296 270497 252746 232871 205145 234401 261194 241510 249793 232608 236051 261947 221192 215980 247385 273920 239677 221252 234766 239990 209560 224997 232888 239634 276246 255084 248755 230086 236269 232271 244310 244136 
266889 255832 251662 261562 281910 264393 284308 291140 275500 276827 243421 294468 271419 246707 235113 263412 256911 245228 257685 253200 288360 248510 305103 288879 217789 246097 286539 211325 225320 257392 277453 276020 252325 283787 255743 255685 251082 262234 257356 238452 256024 259036 266013 229511 272454 240979 261508 243455 267299 245373 254830 240720 245045 224111 249461 233062 244311 270071 296452 253867 255953 239960 245411 248740 235590 245809 280939 257397 235764 266885 271360 249507 227386 247626 257412 247832 261168 269078 264483 290840 235299 219494 251432 295964 268622 243910 275643 268719 244178 246128 236070 258091 283653 254022 275472 260726 240360 271662 271017 241831 
250064 234827 220832 239354 256237 244531 254578 259244 256768 243538 221085 260578 264524 228854 205576 244152 233004 215562 233063 243172 251755 239920 274861 256653 197777 232661 235411 207922 214693 214445 246535 247060 246947 250643 224516 230340 227000 234696 240571 208279 223533 240157 213075 224237 232458 225679 235759 232078 228802 215105 226242 230293 218513 207906 223193 209621 248852 256731 272523 222638 237512 199348 235739 261829 234462 226108 242781 245840 215189 235919 250471 220503 207939 227562 241662 219523 248170 240583 232179 258516 228997 211470 234190 287657 261301 239471 243569 231851 224082 230003 223154 243612 266497 235182 242716 228294 212925 224295 250615 231377 
276095 266388 259111 287949 292183 278746 295072 292207 289945 260897 251017 280033 286324 263034 232713 255963 261728 250809 266796 271734 281364 261852 310244 268549 236781 258458 288844 237658 246571 245106 270303 269319 268260 288692 265126 258908 261872 291972 271013 245513 267037 277124 269362 242835 277921 271958 276845 255370 284857 247540 253895 269623 264647 238689 265051 249997 266591 288520 294689 253183 280386 239349 253717 285302 267379 249118 304815 263596 240984 281163 284601 250352 249036 272247 283037 252078 273132 276274 269087 292171 261365 245115 279545 325445 297307 275705 257774 275858 263845 273510 271435 282139 298577 253773 307097 272907 259765 258420 286760 261280 
238609 224020 235030 255289 262304 248958 252246 259021 255119 234292 219070 261159 261056 241061 215591 231605 212823 199367 242871 241443 252336 208035 274768 256160 194683 231881 248446 200377 228781 224637 238764 249601 237265 256940 237706 245744 210777 247936 242781 224126 223965 242736 219977 223372 242913 232412 234700 224508 223951 234599 238560 226243 216537 206762 231618 211206 238711 258971 254883 240447 225599 213718 239077 242547 243990 229808 264911 253102 224055 238295 251120 218649 206845 241061 231657 226587 245951 227729 250887 250591 228693 212819 245515 277413 256055 232752 242241 241038 229625 245743 231377 235456 264115 240933 256317 222708 231081 228915 250726 224609 
243065 242961 230545 243318 264579 241753 258836 254325 244295 242398 212037 258906 247315 235712 211393 229401 244711 226589 238154 245319 246608 228269 259293 261755 202892 221570 240534 188122 220657 234752 243112 253380 229727 251534 225973 237387 231185 247282 255390 236693 235709 246194 226538 222627 248002 232863 221579 223234 229018 226058 222100 222140 240535 201276 227324 217696 239215 245864 276593 229497 221148 215420 232281 253310 232609 222509 265709 232246 225866 246269 241827 223939 225534 237698 245684 222465 266347 246925 241579 254124 229864 214446 236824 288933 243919 247554 245164 243234 240298 238327 238074 234901 266041 223462 259009 248586 205861 239441 231192 234040 
252818 239803 249330 252649 248430 233266 266368 257525 260348 243148 232431 281815 268559 241307 233392 248203 232350 224625 257286 228078 257590 235766 273942 261525 208869 220010 247012 211554 213642 226363 245278 253794 247437 252515 235995 230158 230462 256892 240432 220727 234021 248956 230329 227081 255352 241581 239115 209290 244644 220490 240323 235087 232369 215079 245036 231675 248192 266281 254560 236981 237054 210198 246671 244096 255362 226891 263341 261994 227936 264341 252972 231284 220970 244714 241085 249836 255979 236880 251389 271479 231740 209867 246526 283306 250451 237546 254611 243164 230632 244441 222681 240166 271338 238085 260790 236859 236618 251385 250592 237821 
257622 243362 240529 246694 272636 262831 276793 280796 260298 254424 234762 272383 284327 245959 232456 250746 246385 223837 250259 244654 277796 243604 279041 284228 221847 236529 265378 217132 238225 238158 271221 263622 245201 247079 246588 234417 241721 264053 236088 236129 256472 263051 231550 242486 267445 262149 230830 233109 239442 247823 248623 241570 253718 227860 251740 235227 277225 259173 277996 247973 264395 230470 247924 270256 249667 249528 261518 258820 258862 257848 264405 236636 208034 245353 262201 235842 257692 245307 255108 284632 245458 212972 257783 298252 260234 258345 263472 276685 255185 245755 248319 241767 284872 246622 253046 257194 248459 260376 263104 257606 
238042 228795 210118 225372 241228 241573 255284 243399 243825 223301 210774 248705 248486 227280 213196 207099 220524 208400 225098 214332 244777 210854 245240 243795 201852 187171 226362 191402 217795 219651 240772 246348 239987 232134 220734 220504 233784 238239 219751 218961 219046 233599 218146 192760 222880 209404 215279 203001 225530 228474 219800 209948 223404 209733 209958 212267 214214 236903 242274 217126 216836 205273 211673 227283 241717 224071 242167 218103 211032 228417 248076 215190 202646 229811 232029 213539 243030 231482 235487 267839 206698 192321 218385 261277 238292 220697 222933 239164 218235 221362 221334 220219 257623 215405 244029 230095 225483 228432 230874 213328 
246573 252927 232566 244523 279533 261499 269347 270566 264299 264577 227928 277752 256579 248005 215322 245178 242629 221671 244409 244837 262748 238420 277532 263108 212092 229113 252651 216324 231475 224064 256706 252776 246726 256116 239757 246784 235866 258627 241851 228351 245552 253506 233177 229197 252854 244460 253372 230610 232536 249471 250754 241403 244117 225265 255252 215708 257755 262277 270597 241871 245547 232769 240900 268121 249441 233699 265766 250418 241053 252165 266018 219708 208601 235757 243712 239366 253528 241871 248217 277513 243051 209702 237642 301533 263492 241343 255405 250469 247444 256452 236013 244726 263163 247007 264944 241839 245457 260299 274961 234172 
252879 218032 216212 257629 255556 236823 270665 277095 253636 246923 222503 262847 261463 241055 225915 230984 244290 218261 251983 245338 267647 233171 250740 270811 201525 211118 252591 207811 237822 228527 246727 251864 261531 240270 241574 231050 235405 261705 218138 215027 233351 252540 236704 217105 252403 236250 236607 222651 240535 215409 240684 225797 228248 220977 218481 217929 242182 258169 273273 225874 249984 213896 242715 259835 261020 242129 260425 235729 220808 252193 259721 228285 223214 260435 244942 242983 254388 235083 255464 283975 223368 215140 248222 272683 256245 236304 245293 249819 236058 236981 238198 227343 264317 244339 261196 252521 227711 233474 240372 227737 
4.687000
