100 100
47 17 86 0 18 15 81 36 51 28 38 73 65 4 33 9 64 99 88 9 27 27 27 48 61 63 41 21 44 86 13 82 4 99 57 42 0 10 75 88 30 11 15 52 20 73 4 9 46 2 62 7 98 61 79 59 10 76 73 2 93 71 40 62 81 69 20 7 79 45 24 48 59 43 92 92 29 24 97 48 65 44 59 69 63 7 83 87 70 86 10 64 53 30 24 9 94 1 45 12 
63 52 58 49 35 85 79 30 46 54 43 53 91 29 15 39 77 21 64 15 43 1 75 19 9 36 6 19 40 68 37 96 57 43 63 63 5 95 86 89 55 9 95 29 78 65 73 84 60 75 63 36 48 33 2 72 40 75 14 31 58 43 40 60 92 83 43 1 21 35 57 54 94 19 25 51 17 88 75 64 57 22 47 49 78 22 53 19 18 85 32 94 32 61 98 23 29 14 88 83 
84 95 14 65 73 26 25 36 53 38 3 64 75 96 67 59 39 44 97 11 48 16 28 27 27 93 26 98 22 65 8 3 41 33 76 85 56 92 39 76 68 15 6 92 51 18 58 82 14 71 42 25 25 38 54 59 82 77 78 88 89 77 37 26 12 4 98 2 1 60 30 2 60 55 71 79 79 89 77 37 67 12 60 61 41 34 85 25 17 44 40 54 6 76 21 63 65 64 9 29 
2 85 19 87 5 27 56 46 21 55 4 52 3 33 62 74 49 36 50 66 61 62 5 12 79 4 65 27 49 32 69 2 6 45 74 10 21 93 51 41 29 50 31 65 41 39 66 48 96 59 61 2 24 30 33 37 10 47 24 9 52 30 14 80 94 59 19 24 38 23 22 99 17 21 78 49 77 35 54 20 26 1 54 88 93 46 23 62 26 47 76 3 76 9 43 80 37 35 66 56 
36 11 67 48 95 31 44 91 88 87 47 86 43 41 81 21 65 41 41 42 20 23 83 49 3 53 65 46 71 57 43 43 97 23 86 73 34 26 22 12 89 29 36 33 12 7 81 40 18 44 25 90 7 10 26 57 56 47 89 5 24 29 1 93 23 17 21 82 35 65 52 79 80 27 15 6 60 43 15 26 39 49 48 46 3 30 77 44 39 69 25 17 57 71 9 21 90 91 46 74 
89 60 30 30 38 47 46 36 76 9 31 30 60 17 22 1 49 50 56 4 69 36 21 60 53 15 91 51 20 4 7 74 20 67 72 9 14 84 31 52 75 14 25 13 26 8 58 75 80 18 70 37 1 28 63 3 29 46 55 81 79 48 50 61 76 98 77 73 40 2 72 34 37 80 85 75 92 47 74 45 60 34 17 15 44 90 73 76 24 94 64 80 46 14 28 40 38 5 70 46 
61 97 41 21 34 48 82 59 59 24 88 75 49 46 43 53 8 68 9 63 42 40 0 63 10 60 28 39 45 64 24 31 64 29 84 45 35 75 10 13 37 28 57 24 0 50 49 39 59 3 29 40 15 49 65 80 70 73 76 77 98 95 32 69 49 90 44 59 99 63 11 26 52 84 41 73 64 27 91 2 33 8 34 38 72 99 80 91 74 77 30 30 60 34 45 43 92 8 4 75 
86 34 86 30 36 43 0 25 81 3 8 78 80 54 55 49 64 84 21 65 10 25 55 67 87 2 94 10 18 71 49 28 49 54 18 60 3 60 1 45 24 23 30 78 62 16 98 86 75 14 15 42 83 67 51 76 99 33 66 66 26 3 67 11 31 45 13 97 11 53 46 17 60 80 67 51 18 36 1 89 17 83 44 69 4 92 22 40 9 76 70 14 96 28 85 76 44 38 61 57 
95 73 73 52 18 80 20 88 1 49 9 17 27 98 42 2 66 80 7 32 28 0 98 34 17 67 97 94 89 48 7 67 4 72 55 18 16 49 45 90 38 27 34 59 9 15 62 7 3 52 84 48 56 52 30 80 24 70 33 29 96 9 15 59 61 30 72 73 76 93 78 28 69 6 92 90 53 41 80 49 65 86 31 38 94 95 66 41 30 27 62 6 96 0 1 74 70 94 71 30 
41 34 14 15 83 22 70 43 53 98 20 11 44 64 97 17 33 11 57 20 93 20 20 37 70 85 69 96 79 83 2 32 52 75 99 39 74 75 90 77 60 89 65 7 10 32 34 51 93 27 44 22 83 35 51 89 72 40 42 76 49 38 87 40 12 4 31 27 85 65 10 41 19 34 13 97 45 4 65 33 26 86 87 98 47 86 95 59 9 93 98 79 83 4 15 9 81 20 63 48 
69 24 59 7 4 2 18 82 77 54 16 10 41 18 62 2 10 55 67 30 22 56 31 72 98 61 14 49 88 77 66 77 24 16 69 70 54 43 85 66 76 96 81 91 77 62 69 62 11 57 84 43 41 18 57 36 20 49 79 96 48 42 34 31 25 74 7 19 30 22 42 64 60 37 25 71 35 10 27 83 62 36 98 66 64 21 14 19 92 13 12 44 45 95 9 65 60 56 47 97 
58 23 64 33 88 85 16 7 10 70 5 9 92 39 1 86 47 22 89 80 59 91 47 6 87 68 93 80 30 59 95 73 25 43 20 64 37 80 58 42 22 63 32 23 72 76 17 83 5 26 25 51 51 56 25 24 11 42 32 12 10 44 96 38 47 96 63 62 54 62 58 13 59 27 13 86 18 90 41 31 86 19 51 6 43 49 54 98 16 79 34 72 88 1 30 77 33 76 95 3 
35 67 29 12 66 83 51 93 90 58 6 55 30 7 47 90 19 5 14 80 62 56 89 48 1 24 80 62 54 61 41 38 88 35 84 90 50 99 61 89 29 86 16 10 37 8 49 58 39 95 52 17 70 1 39 33 56 68 36 56 42 13 80 55 66 66 5 88 47 28 46 50 18 47 75 69 8 56 44 4 16 21 54 9 91 91 18 95 45 24 52 15 94 38 78 23 96 65 12 37 
54 36 99 99 86 13 91 35 99 2 74 64 98 18 42 21 1 16 40 42 37 46 21 53 97 98 49 14 22 62 63 58 30 73 60 64 39 24 8 62 28 77 33 47 83 86 41 1 41 50 42 20 74 57 75 35 67 96 66 71 97 26 84 66 27 37 61 15 95 81 9 34 45 31 34 36 49 89 10 24 10 84 47 88 19 73 46 92 52 24 53 51 84 22 4 30 62 10 50 25 
54 22 43 88 93 95 44 57 79 27 83 55 72 89 65 40 1 82 1 38 57 86 54 46 59 12 23 78 42 55 98 81 18 13 66 88 41 13 85 71 74 64 26 17 16 51 26 80 6 0 50 81 17 70 96 91 11 62 77 61 7 47 26 4 77 56 2 53 56 13 96 84 41 60 77 91 61 9 43 90 21 43 31 22 29 76 32 62 3 30 70 88 54 84 78 29 95 49 42 60 
98 75 36 44 4 79 74 12 19 47 88 15 87 63 25 81 16 92 99 8 79 82 77 90 78 41 82 58 46 91 20 76 55 23 18 3 27 13 29 45 67 32 49 53 14 4 80 5 66 18 83 21 96 9 43 24 35 78 54 71 52 46 34 94 44 34 42 20 55 90 56 38 39 14 33 68 32 15 47 98 23 70 28 28 53 3 52 5 73 35 93 57 76 9 53 30 8 30 59 63 
11 67 70 2 34 28 70 0 77 74 48 54 0 81 64 70 26 55 20 38 41 68 56 8 31 10 85 23 24 84 11 73 59 2 58 70 9 87 6 64 31 27 73 58 64 97 73 90 40 55 35 82 74 85 52 91 68 76 5 1 22 89 88 2 48 85 41 65 54 85 10 80 88 48 51 53 47 84 56 41 93 94 89 58 77 38 6 83 23 67 59 22 0 11 35 69 65 70 47 36 
16 71 70 45 88 83 46 37 78 16 1 18 68 92 73 10 44 0 33 99 72 7 97 95 82 40 84 7 46 47 4 86 71 73 93 95 45 70 57 34 8 59 52 86 86 38 88 69 34 21 36 96 72 88 68 23 18 42 19 51 4 66 11 12 92 68 73 5 89 87 90 93 89 87 1 53 49 14 98 60 64 38 66 70 90 35 64 32 90 71 79 14 62 49 1 33 78 46 56 96 
60 69 83 50 98 94 31 2 4 41 7 66 48 0 96 92 3 66 9 38 5 25 22 47 56 11 83 26 57 85 11 55 40 23 13 68 74 87 8 54 43 3 22 92 97 73 22 74 69 6 30 82 68 90 58 11 35 72 63 59 86 7 22 83 95 55 60 32 17 89 54 72 3 17 53 65 11 7 24 70 58 40 93 95 42 93 84 70 21 44 49 23 80 54 97 19 64 32 40 53 
56 74 42 93 63 29 78 42 23 65 66 69 14 86 32 35 87 18 84 99 89 11 95 35 19 44 95 76 32 22 41 64 13 65 99 28 83 89 82 99 59 26 67 74 95 66 16 43 24 93 29 46 48 85 79 30 44 19 30 42 30 29 14 57 43 62 39 62 0 75 81 3 42 20 68 58 71 26 88 25 99 62 41 1 96 46 26 9 22 62 32 44 66 49 88 47 87 21 60 87 
97 33 66 46 17 90 61 4 58 52 58 9 27 21 30 90 68 6 25 92 17 77 54 83 60 19 59 6 91 42 51 2 34 42 95 14 98 64 58 66 78 23 4 79 9 78 93 85 48 41 1 54 22 80 35 34 9 65 23 63 22 10 84 48 16 41 62 8 56 82 91 72 37 54 80 73 15 25 78 95 29 95 53 99 19 71 1 50 24 52 15 74 76 91 51 4 26 12 0 63 
92 36 11 95 82 91 36 62 36 71 57 71 50 77 79 20 27 34 62 50 93 44 9 14 82 34 64 58 24 58 77 97 33 34 23 11 42 13 28 32 32 70 81 38 64 25 17 33 51 33 84 3 13 2 43 20 91 35 22 40 50 55 96 58 3 64 20 3 52 64 18 32 84 63 63 96 61 81 5 77 97 80 85 45 95 84 30 83 52 11 78 52 57 7 99 79 18 30 43 64 
64 20 32 65 7 71 63 16 19 83 20 17 96 39 33 87 95 52 50 20 7 20 36 70 72 86 96 88 27 20 59 61 38 57 72 91 41 28 29 47 54 69 5 76 76 54 22 49 14 29 87 3 62 76 88 11 36 64 68 68 69 3 51 31 47 15 72 0 87 24 97 8 60 41 78 31 58 86 62 24 27 38 60 31 16 38 78 35 0 9 31 28 80 97 90 58 74 34 37 30 
76 90 87 60 15 69 89 54 57 77 83 16 26 37 94 25 98 13 5 69 28 90 73 63 57 35 65 93 48 87 74 17 32 77 6 6 70 20 95 36 53 53 67 96 80 81 49 96 95 63 18 90 60 5 18 98 91 2 20 32 75 12 97 18 76 51 83 55 22 62 52 29 51 20 19 13 32 90 21 49 91 27 57 41 53 23 89 44 70 61 19 44 9 78 20 13 87 95 66 91 
14 59 56 75 18 68 62 59 74 16 10 7 99 93 10 11 34 77 51 6 43 59 10 5 46 22 60 9 77 37 87 37 30 11 3 3 82 36 38 61 74 79 84 23 90 1 89 59 79 61 36 12 17 62 64 66 24 10 37 66 82 25 34 58 38 46 96 40 36 11 77 55 13 63 82 4 68 3 90 54 45 41 80 77 64 13 2 84 33 12 11 74 67 19 78 57 79 28 36 64 
63 95 60 22 50 84 81 83 29 35 96 72 95 43 23 77 17 71 0 91 69 59 74 6 27 31 48 83 76 85 67 11 75 43 59 46 22 58 25 16 30 85 44 96 73 97 4 82 3 50 22 58 6 82 21 1 51 53 56 19 94 45 29 78 17 87 26 86 7 65 30 46 90 17 22 46 68 62 36 9 78 73 48 97 66 79 89 13 53 61 34 62 75 32 38 48 55 43 5 75 
35 53 80 14 90 83 74 91 78 98 35 77 90 48 13 97 80 13 46 94 48 12 70 12 46 7 41 99 55 79 55 53 74 67 30 11 72 48 95 99 50 61 17 20 20 99 38 50 93 80 64 49 5 12 67 8 68 92 28 28 77 7 93 67 75 85 37 58 6 26 35 50 5 42 6 2 39 99 0 23 24 72 87 42 94 18 19 2 91 77 85 62 72 59 87 5 98 85 97 62 
92 78 28 94 45 31 89 8 84 34 24 61 41 49 94 60 42 67 36 15 70 52 5 78 24 47 57 96 47 41 74 24 88 21 63 26 81 16 64 82 81 9 93 43 20 71 34 48 9 77 51 11 5 3 83 19 9 32 11 12 7 63 68 0 16 45 48 48 38 83 25 23 24 76 74 62 86 62 91 41 12 54 47 61 44 84 21 43 0 92 40 60 4 89 14 37 92 96 10 64 
50 85 73 87 97 4 18 46 70 78 89 0 66 13 98 42 44 81 17 38 28 52 29 25 81 61 22 7 26 33 99 60 99 74 79 60 14 75 2 34 53 75 20 40 43 21 26 42 41 77 44 49 21 21 42 98 19 50 66 71 24 95 13 53 41 66 49 44 17 91 18 2 57 42 75 70 15 64 76 16 81 24 78 8 36 21 99 44 84 92 27 17 21 76 9 78 47 14 93 3 
42 30 46 39 84 97 56 86 79 69 80 68 90 2 95 74 24 94 8 70 47 91 20 21 46 79 59 68 97 96 57 90 55 94 86 69 82 26 29 11 62 52 86 35 39 95 11 28 61 95 60 89 61 83 67 81 54 60 91 70 83 62 54 16 14 94 89 59 73 15 31 57 85 9 66 1 9 47 41 45 92 27 69 21 57 0 54 24 29 55 84 34 78 90 75 82 75 89 28 50 
95 14 70 62 95 84 7 53 58 74 74 86 48 76 65 61 43 78 74 32 19 52 72 84 29 94 71 80 20 61 31 90 28 5 89 51 36 5 23 88 61 84 34 38 93 13 37 10 39 13 91 9 65 19 41 21 96 17 69 93 91 69 74 2 30 70 70 43 80 16 8 41 63 57 81 82 19 86 20 43 42 5 33 53 2 72 64 53 51 2 99 94 63 53 25 46 39 56 95 80 
28 73 10 89 62 1 11 50 47 31 76 45 63 83 72 17 63 80 33 91 11 59 23 46 1 5 99 95 70 43 17 58 75 53 67 84 93 25 23 37 88 28 47 3 22 9 43 11 2 57 27 92 3 63 10 6 68 33 70 25 84 43 92 38 42 10 34 49 8 3 55 24 87 77 35 86 84 44 23 39 78 32 80 15 36 86 31 50 52 57 28 87 84 32 47 64 47 85 86 84 
4 41 45 18 47 90 86 61 28 17 88 25 36 54 74 33 57 0 28 13 5 17 18 74 86 54 44 7 4 31 52 31 52 77 1 52 0 63 40 10 74 18 18 84 54 85 50 54 62 13 43 23 8 34 3 49 86 85 49 96 53 50 80 31 36 85 73 45 38 41 55 50 23 41 33 24 35 35 32 61 27 25 25 98 32 42 37 21 89 65 63 14 60 32 38 11 89 63 72 78 
18 18 41 75 54 41 84 10 47 98 31 78 69 40 22 43 81 58 86 70 46 34 26 74 59 40 13 60 14 85 17 54 23 36 64 21 55 42 29 30 82 84 13 38 19 95 90 25 20 19 43 83 86 32 78 7 73 93 83 85 67 50 65 99 61 21 2 59 95 31 94 27 97 16 60 81 18 88 84 97 72 39 84 88 48 96 98 6 55 25 70 92 76 90 72 30 9 79 96 42 
85 30 76 6 44 70 45 50 52 20 98 74 25 52 5 54 84 96 67 83 20 83 59 65 86 73 2 89 98 0 1 90 17 58 6 26 65 66 56 2 51 56 94 26 60 69 58 25 90 33 38 77 44 63 82 61 49 63 83 8 24 22 27 98 27 67 90 4 70 75 73 29 27 58 37 13 52 21 42 16 75 12 29 85 64 45 58 80 27 56 50 10 12 68 36 6 60 9 30 15 
90 55 55 33 98 60 31 52 41 54 14 20 58 32 32 26 46 57 97 57 34 16 40 76 45 5 77 23 43 32 3 24 26 6 23 89 98 20 47 87 92 27 18 1 35 56 41 45 17 11 21 73 89 3 61 74 71 19 86 37 45 52 89 87 64 14 78 47 3 68 27 49 63 52 82 30 50 86 18 73 98 99 47 16 92 45 89 67 98 13 19 3 81 18 36 83 27 44 10 64 
67 63 17 63 81 21 54 87 56 17 64 39 39 29 71 8 20 2 4 39 27 35 84 58 43 8 60 17 60 16 59 3 24 65 30 40 59 6 69 25 53 80 15 90 19 93 48 88 28 99 89 67 25 17 40 6 35 35 84 48 41 26 91 69 85 98 86 21 43 67 17 72 47 69 79 99 10 64 16 62 85 58 65 51 17 75 72 61 42 12 33 29 5 23 20 41 75 86 73 66 
40 40 36 27 64 79 64 98 81 64 33 47 33 5 52 46 22 5 80 14 87 13 67 67 16 37 15 4 25 49 46 94 51 81 23 35 67 2 81 6 27 63 12 30 98 94 78 69 56 20 84 91 78 84 50 31 3 46 97 17 15 11 34 81 38 94 57 43 37 98 16 68 4 15 85 44 47 79 39 23 63 14 60 97 32 63 50 77 53 44 7 49 69 92 33 28 59 32 40 8 
92 24 51 19 65 90 68 24 93 46 31 5 80 64 67 7 76 60 70 52 14 9 8 8 56 12 79 59 34 29 26 62 2 2 43 20 57 38 0 83 59 49 25 67 42 63 18 38 50 46 84 92 67 68 14 41 55 87 40 89 41 34 20 72 79 57 15 18 88 93 7 4 49 71 90 52 41 53 81 17 70 93 34 63 47 92 59 37 58 70 24 23 90 16 18 86 14 41 65 58 
63 70 31 16 44 96 70 28 2 24 76 73 69 4 1 14 90 7 97 91 2 43 38 93 85 90 64 89 39 75 55 36 9 69 69 19 67 72 41 21 40 50 43 81 18 17 33 92 56 52 1 44 66 87 63 82 56 83 26 41 2 45 54 39 22 2 73 84 90 15 18 44 3 17 73 86 38 67 17 27 38 83 98 35 79 51 83 2 97 45 23 73 28 69 98 48 54 33 78 59 
93 5 87 40 96 32 48 44 24 22 42 79 19 68 70 53 75 13 82 54 27 3 60 30 20 97 63 98 22 6 10 2 5 54 66 35 22 47 98 46 52 47 69 29 80 63 15 22 4 87 48 66 99 68 29 24 90 79 24 18 37 81 43 6 61 74 12 17 9 29 44 29 74 8 88 17 60 0 86 73 93 84 8 17 20 34 78 10 66 30 63 91 36 70 74 42 46 9 53 99 
17 32 21 36 23 70 35 38 63 31 91 14 15 11 23 16 30 8 71 84 17 29 30 26 86 29 19 20 50 68 53 49 31 55 59 16 74 29 44 80 85 56 54 27 17 14 25 58 30 50 91 51 27 90 42 22 47 34 14 24 51 93 75 26 66 78 32 24 16 82 85 21 19 24 55 65 63 32 14 0 46 0 12 87 18 92 59 68 11 74 46 79 29 25 92 78 31 69 42 61 
11 55 68 95 52 65 25 23 90 73 30 86 37 78 24 11 32 79 5 12 95 55 60 85 79 37 76 15 29 73 71 62 41 42 3 94 32 93 17 71 84 9 44 83 20 25 72 80 52 59 75 57 10 31 85 13 8 67 35 66 60 84 55 9 26 37 2 35 4 70 3 85 40 12 70 19 73 91 19 93 3 76 2 64 64 72 98 12 3 53 49 54 16 83 56 51 64 30 19 25 
3 74 7 82 31 50 86 79 39 81 51 91 59 70 90 88 26 96 6 33 57 98 65 57 86 30 80 18 69 11 73 93 29 63 41 54 43 63 77 3 86 48 70 54 71 82 75 2 27 73 60 73 12 37 5 43 85 34 61 10 96 38 19 63 79 83 36 32 7 16 63 54 11 22 33 69 0 82 1 73 23 85 35 67 88 40 19 9 93 85 13 66 82 66 86 46 72 89 41 20 
95 11 31 57 5 21 52 32 88 43 43 94 2 99 92 56 47 38 36 71 15 93 73 71 2 47 2 43 92 56 97 68 96 81 78 23 56 11 55 44 50 2 19 77 45 95 11 60 99 31 48 36 18 45 32 13 84 69 35 49 88 74 25 26 41 91 33 89 45 38 58 49 18 93 11 29 28 37 60 66 31 51 54 37 30 48 0 55 61 16 52 81 94 46 36 90 70 71 26 83 
15 65 32 30 1 86 40 79 21 5 27 39 8 94 20 29 44 88 3 33 79 40 27 47 17 28 61 61 72 19 93 88 70 71 30 44 82 47 98 46 58 95 15 86 4 88 52 61 43 36 94 92 1 89 34 78 50 88 15 46 46 30 76 49 42 18 32 91 61 42 76 7 30 83 21 52 10 65 55 68 7 44 73 20 24 15 54 30 19 78 35 99 68 63 13 29 60 81 30 74 
79 69 7 97 93 61 21 88 23 81 41 79 44 11 96 72 2 62 98 16 43 67 77 5 95 80 86 53 12 52 40 73 22 26 92 73 0 73 51 91 89 33 21 46 23 23 71 17 90 47 56 40 2 69 17 30 90 40 73 32 80 7 97 41 25 76 97 86 58 75 95 92 95 43 13 76 43 11 25 26 60 80 46 29 5 17 18 46 33 67 27 75 10 34 23 74 29 47 31 10 
76 8 92 36 41 36 3 6 97 24 43 16 97 38 62 36 23 92 62 64 80 85 35 73 9 73 92 3 56 99 1 38 52 26 68 35 8 69 80 55 4 24 89 7 24 2 94 68 52 56 83 37 0 82 23 47 45 80 33 73 37 60 89 60 52 34 1 48 51 96 4 8 44 56 87 62 49 10 43 26 89 90 70 57 68 14 17 41 79 24 57 31 53 54 9 20 32 53 56 4 
38 7 3 68 97 84 77 82 21 40 40 34 85 55 99 59 13 1 14 86 38 23 2 2 58 73 46 21 10 18 16 6 82 53 76 32 68 17 50 46 35 31 59 71 92 26 29 83 98 95 82 7 39 14 86 82 19 5 24 88 0 12 23 67 74 85 25 52 88 13 23 3 31 54 70 42 19 30 78 79 7 16 89 87 28 46 50 74 49 75 98 73 10 37 31 39 82 25 20 71 
17 50 28 44 94 51 50 42 73 41 76 68 96 13 10 31 15 53 54 58 70 69 66 47 42 76 54 45 54 20 38 89 16 50 53 70 18 25 15 92 86 50 80 12 70 36 55 66 72 49 78 19 85 8 90 10 30 93 86 89 83 86 55 99 64 19 70 84 46 44 77 67 23 97 30 83 40 34 34 49 93 32 54 17 6 77 7 83 97 67 11 8 72 71 86 17 41 79 70 67 
95 12 91 36 71 2 86 25 2 88 32 56 72 48 69 19 26 94 85 46 0 96 35 54 2 23 17 82 24 68 3 75 95 61 47 54 82 69 27 89 25 76 69 54 32 92 28 98 12 45 0 34 18 59 80 10 0 86 66 55 75 73 31 99 89 59 35 38 36 18 55 99 92 12 96 4 22 76 91 70 80 9 96 76 63 81 56 77 2 8 90 60 65 62 75 76 98 70 84 28 
42 17 88 56 95 7 43 85 17 92 2 90 55 69 84 23 7 40 25 54 92 29 85 40 11 51 6 13 16 95 94 19 35 18 99 68 7 69 36 6 57 84 29 18 40 7 17 48 83 93 3 54 31 30 78 95 39 76 50 63 57 60 64 64 12 53 16 46 43 9 40 30 42 40 87 95 83 2 79 19 86 48 28 93 58 81 71 54 92 85 17 13 5 30 68 42 31 71 14 79 
99 1 91 46 1 68 50 29 12 98 94 91 4 30 87 30 89 91 98 65 15 42 9 28 94 98 12 22 14 2 95 30 47 84 25 97 57 92 40 39 0 39 90 76 58 9 87 97 53 69 0 35 42 27 72 15 34 26 41 59 9 27 9 0 40 66 49 88 27 48 38 82 26 37 58 15 23 6 61 99 57 17 53 29 76 36 78 83 49 72 3 74 58 75 29 33 37 51 77 43 
58 24 71 25 87 64 67 0 75 26 53 52 85 41 1 2 74 81 21 88 1 26 13 71 67 56 47 80 47 75 19 13 90 57 61 41 22 64 54 18 51 20 67 75 66 76 27 99 26 23 43 21 40 82 93 49 68 32 6 29 20 75 28 7 59 29 74 10 47 41 20 46 78 55 90 97 43 93 17 56 47 36 74 83 86 95 33 60 87 10 40 49 23 53 55 20 62 41 3 87 
58 3 76 48 48 17 64 18 32 58 25 68 81 14 64 49 41 84 94 85 50 82 95 44 93 74 26 77 90 46 24 32 28 87 33 83 50 37 15 49 34 6 8 84 69 95 50 68 83 39 36 60 4 55 80 25 20 75 31 57 31 71 33 14 76 95 38 31 63 30 24 6 20 1 61 47 78 5 87 96 71 79 95 45 30 87 83 49 99 50 35 29 66 99 46 45 98 65 44 65 
63 94 59 46 14 75 18 21 36 78 21 28 74 56 70 54 99 13 48 7 74 32 2 89 38 28 34 40 3 63 3 81 54 40 71 1 44 92 41 96 0 40 78 68 71 86 71 66 15 89 38 36 66 18 4 52 51 33 18 24 42 59 7 98 69 64 70 42 23 48 40 86 88 90 43 29 54 89 4 11 38 83 70 12 6 3 77 62 37 9 74 61 47 15 15 61 35 10 14 82 
38 3 17 27 15 16 16 95 59 78 82 77 29 15 81 82 38 14 96 85 25 2 30 90 59 65 93 69 41 39 16 40 54 53 85 80 54 50 21 25 3 67 53 78 39 17 93 3 50 45 43 10 2 35 70 55 33 40 39 83 2 57 8 9 81 91 55 33 43 44 66 52 9 69 68 51 49 42 14 74 75 55 28 52 53 16 61 13 33 36 90 51 30 89 77 93 9 7 13 25 
77 62 10 15 49 32 49 90 65 52 42 64 93 68 71 13 21 69 25 56 3 13 18 44 65 7 61 63 6 58 9 24 17 20 38 63 40 33 54 15 30 96 91 20 90 8 62 57 14 34 36 51 32 67 66 94 8 4 86 4 82 69 68 88 81 14 82 52 41 14 44 66 69 39 31 27 36 63 56 37 0 64 55 7 83 22 16 22 54 46 65 3 27 94 14 62 55 24 98 41 
24 53 83 10 80 55 16 12 10 57 80 61 40 29 61 7 5 74 46 40 27 23 26 92 45 87 43 53 47 11 26 3 74 25 71 3 82 78 86 76 1 74 67 96 61 82 60 8 17 43 45 47 48 69 25 9 78 3 54 23 28 17 25 45 18 1 79 26 91 46 39 59 43 2 81 67 79 92 34 74 87 89 65 40 60 2 30 96 20 25 16 92 98 3 44 51 28 23 12 19 
51 21 21 8 86 93 94 21 43 9 92 40 27 32 34 67 39 57 32 41 39 7 34 69 17 78 83 15 89 62 82 9 3 78 34 48 54 96 77 31 60 99 94 18 94 61 11 35 90 82 44 69 49 96 14 22 10 64 62 67 32 22 1 81 47 73 96 74 81 61 76 60 34 44 20 97 91 62 62 8 43 8 94 12 8 44 68 10 60 35 21 79 29 39 53 14 9 78 16 23 
17 37 69 61 98 74 2 33 62 88 21 43 57 49 2 13 87 63 46 14 79 14 83 0 32 81 90 73 15 49 21 38 54 73 37 46 43 36 27 61 32 92 93 52 53 36 35 16 35 1 30 5 39 68 66 82 6 84 99 49 48 22 25 72 62 12 68 82 57 25 0 22 72 20 49 70 13 45 19 15 10 38 42 84 45 87 64 52 58 80 9 27 57 85 26 85 23 1 17 25 
89 19 13 64 62 26 3 26 48 72 96 67 51 86 36 34 93 6 98 46 77 1 12 43 12 38 45 40 33 86 42 96 50 77 14 74 27 89 33 3 63 26 95 79 39 53 8 36 5 9 7 42 57 11 76 28 88 33 22 77 26 42 37 31 12 75 99 16 70 57 57 78 56 97 32 25 36 52 20 90 35 28 49 86 44 74 0 3 10 2 81 14 56 76 3 30 75 5 19 27 
75 9 61 15 25 62 11 57 81 21 75 55 98 79 2 2 26 87 90 43 8 61 70 0 14 34 72 43 68 39 16 51 66 91 33 37 58 9 19 0 58 69 4 16 71 94 32 23 66 76 88 85 65 43 52 2 9 19 15 21 46 65 44 39 84 46 35 24 37 11 65 54 60 37 16 12 20 53 89 84 76 35 3 88 65 90 48 86 24 39 10 62 30 91 16 48 44 50 61 82 
12 22 14 90 30 27 87 40 15 52 77 34 44 90 51 33 85 0 94 96 87 30 63 27 94 2 95 13 39 47 45 36 55 12 75 89 16 81 28 23 48 36 54 25 71 99 80 96 28 51 18 49 6 64 23 99 85 0 99 71 44 78 53 9 0 99 55 38 51 66 57 6 6 63 30 16 99 21 13 40 26 37 28 37 34 78 74 86 0 70 66 38 7 81 26 6 45 21 73 98 
6 17 88 25 73 79 3 40 23 75 71 85 44 33 23 23 66 70 36 22 73 81 85 1 24 29 71 30 50 57 36 72 1 4 47 75 93 74 23 8 72 19 51 13 33 62 88 47 11 77 33 24 27 79 32 20 36 26 34 71 97 42 73 69 68 58 55 4 39 22 59 65 28 40 10 89 45 34 28 91 87 32 88 43 50 34 39 32 62 77 61 9 4 58 96 73 48 47 43 21 
78 77 34 71 82 90 87 76 60 36 96 4 28 65 34 13 23 88 22 13 62 16 5 17 46 0 41 39 28 35 74 94 38 49 26 53 35 21 81 24 83 8 7 17 74 42 35 62 88 7 48 14 81 13 86 91 96 16 60 0 73 18 47 10 11 89 29 47 34 85 31 73 49 2 88 96 47 57 27 75 84 70 42 92 70 66 28 50 49 34 60 27 26 92 3 50 82 32 92 66 
71 30 14 56 23 90 90 17 77 8 50 28 76 37 44 11 25 77 91 7 33 98 34 33 7 53 46 50 31 68 19 30 82 40 42 61 60 88 82 29 12 21 43 84 26 84 86 10 23 9 6 25 4 32 94 69 16 61 20 5 96 60 30 62 84 95 63 3 48 64 88 92 34 58 87 36 53 71 80 69 19 25 38 1 79 49 8 32 98 77 41 67 51 28 69 63 0 76 29 50 
99 3 84 65 49 10 30 63 78 70 29 73 9 91 59 47 69 35 28 53 40 23 20 45 91 68 95 4 34 93 59 32 22 67 97 89 64 33 88 70 76 41 55 18 37 66 41 70 14 99 57 9 10 24 83 7 77 64 57 70 39 27 46 31 56 5 45 75 4 87 85 53 55 88 32 3 92 46 28 35 47 98 25 48 21 5 80 8 59 44 91 81 38 87 18 59 97 82 94 8 
68 60 76 95 15 31 89 5 74 55 95 93 31 66 6 61 28 84 8 97 23 89 49 64 39 48 39 13 74 8 1 84 4 72 91 40 21 10 37 39 25 21 95 92 23 93 1 9 67 87 58 78 45 25 75 24 91 85 9 84 6 45 6 66 0 79 24 58 28 10 46 62 35 68 12 34 9 45 93 63 15 97 0 45 28 97 92 36 21 40 63 53 9 3 73 98 25 33 76 2 
88 97 2 70 39 85 2 77 35 76 88 4 99 1 0 89 40 98 49 84 37 84 79 92 96 8 13 61 94 18 18 23 18 56 46 2 49 26 89 37 44 85 76 47 87 49 31 16 73 2 14 62 56 56 63 96 38 35 95 43 31 19 24 58 57 88 38 34 54 48 1 23 5 19 3 53 92 92 33 95 20 67 39 32 9 94 64 50 35 40 75 75 5 18 68 6 9 40 58 87 
89 72 37 98 81 80 31 22 41 46 50 17 95 99 96 34 0 33 61 97 16 62 57 26 31 65 32 17 39 75 38 21 2 80 30 88 0 47 44 61 2 91 66 99 81 52 80 17 49 9 44 6 71 91 37 76 1 6 30 71 74 75 97 67 82 93 52 66 15 16 12 51 59 75 28 44 47 33 69 65 21 90 67 1 19 62 94 40 52 55 14 1 66 35 76 34 0 60 43 6 
8 31 93 47 69 10 25 85 63 26 29 41 91 8 23 29 5 63 62 10 35 90 42 67 0 30 99 70 36 32 46 68 57 88 29 78 39 8 81 73 60 98 13 77 44 63 72 30 71 63 59 87 6 89 36 84 19 22 46 97 83 88 11 36 34 27 50 47 18 13 24 21 63 71 25 87 47 20 14 1 52 44 26 11 42 63 94 25 95 86 81 78 44 78 84 16 38 77 5 31 
64 34 14 33 23 76 56 85 72 73 85 62 12 39 55 29 22 52 78 21 60 46 23 15 35 13 86 11 65 8 61 82 19 13 86 64 20 29 19 59 43 19 20 56 12 32 57 30 74 99 25 93 11 10 78 21 81 5 9 75 35 13 12 91 67 23 78 98 66 62 47 42 93 87 28 20 3 20 34 73 7 10 70 21 71 98 68 11 20 66 76 89 69 97 96 54 66 73 92 77 
30 20 22 5 97 3 89 45 33 81 68 63 3 92 91 4 25 19 6 78 39 4 17 24 10 46 42 48 58 65 73 98 11 33 16 61 11 93 47 80 15 13 0 7 25 49 62 70 51 55 55 21 59 95 66 72 66 98 34 85 63 73 32 84 70 78 19 30 36 47 54 1 84 58 86 26 46 86 32 36 23 11 33 81 58 47 56 23 42 71 4 52 7 32 87 77 25 51 10 3 
15 59 97 35 40 46 5 76 52 69 85 78 45 72 78 37 51 0 27 83 97 35 7 78 68 77 52 49 30 61 16 49 72 48 34 7 44 83 23 88 38 3 73 91 11 4 11 11 34 59 19 20 91 5 53 31 61 10 20 61 93 30 90 75 75 6 55 60 19 95 54 35 48 20 19 32 83 57 12 96 80 62 79 59 45 80 0 86 19 30 79 29 88 36 68 98 37 16 93 31 
49 57 39 96 67 21 17 81 13 97 9 62 40 46 20 12 6 10 97 59 85 5 25 28 49 65 5 6 81 68 11 11 11 89 66 24 94 4 29 41 15 70 18 53 78 48 95 86 82 90 76 43 43 31 22 91 72 91 47 94 76 45 47 21 80 31 47 82 1 99 88 72 99 7 74 52 3 66 22 9 45 68 92 2 26 72 37 73 79 1 20 2 69 99 7 0 56 3 77 3 
81 36 30 59 37 51 2 48 98 70 93 71 60 4 19 39 76 24 75 87 24 31 41 39 52 15 33 13 3 41 42 63 61 13 26 78 59 32 10 41 63 59 2 77 22 42 47 3 83 15 76 4 18 1 78 57 61 71 2 16 78 97 8 45 53 20 86 28 95 25 94 69 39 64 79 66 52 10 25 77 11 5 16 85 70 42 55 83 45 16 97 56 68 39 0 38 14 19 20 98 
32 90 2 11 81 15 25 60 32 48 85 90 39 23 43 50 83 8 80 82 95 66 37 70 54 15 25 73 75 37 45 3 23 67 1 21 85 43 40 43 8 81 46 42 87 91 72 6 21 30 12 29 52 98 41 17 42 26 17 54 80 98 77 80 75 80 49 60 64 8 68 20 88 83 14 76 23 35 56 22 8 89 68 37 26 22 71 18 38 18 86 95 53 90 72 24 32 1 84 95 
4 38 81 91 3 8 47 72 28 9 52 85 1 47 16 94 83 84 49 80 6 20 38 14 95 5 85 89 58 18 35 67 72 61 94 39 17 94 90 88 21 71 17 12 47 17 76 63 59 58 43 4 72 81 59 3 17 95 13 48 86 36 49 59 45 1 89 45 86 94 75 53 38 39 50 74 23 95 56 12 4 54 19 46 26 92 89 31 44 16 85 71 71 5 28 96 13 14 16 44 
63 45 54 6 28 3 14 0 67 26 83 87 80 78 48 85 84 64 94 38 11 20 34 14 1 94 58 5 43 60 0 29 62 98 99 88 78 46 44 42 45 32 70 1 94 36 69 61 20 91 52 71 98 92 99 60 21 56 80 27 79 59 96 15 58 52 65 90 92 19 13 11 53 91 85 17 63 67 59 3 44 12 65 55 29 82 51 46 6 53 86 38 14 0 2 11 52 57 97 66 
18 40 61 7 77 93 80 65 82 75 98 63 19 18 19 85 41 7 33 3 60 71 24 25 47 1 80 81 10 12 27 84 13 92 0 23 71 44 63 49 59 28 2 85 78 83 23 30 81 16 26 16 16 4 94 13 27 52 99 48 59 29 71 54 16 55 9 39 47 98 25 18 15 30 90 35 8 62 68 37 9 87 10 65 65 66 47 69 8 99 63 88 52 4 32 53 40 9 10 31 
43 61 48 24 76 81 83 72 61 23 4 87 30 38 41 49 95 20 88 34 96 96 80 43 4 17 36 39 12 34 53 57 29 52 94 30 21 81 78 42 17 22 61 76 91 43 71 61 55 42 13 23 70 25 26 34 27 28 89 40 36 74 95 76 68 39 52 68 67 94 65 53 17 91 28 35 52 48 27 16 55 60 98 25 91 0 48 84 57 45 56 60 96 42 32 98 85 74 58 84 
48 20 44 3 96 83 9 36 86 32 70 55 70 82 75 36 94 4 63 31 95 96 53 42 85 44 92 55 99 57 71 91 71 88 85 41 87 64 32 28 7 67 32 41 97 32 63 91 95 13 23 7 4 54 48 2 74 25 42 76 90 36 4 16 24 60 90 82 12 47 9 31 46 28 81 63 66 50 68 3 87 74 20 5 5 9 64 33 83 90 51 45 2 43 54 21 8 65 69 59 
61 0 3 9 8 25 21 64 32 92 12 55 9 97 78 37 16 98 10 35 5 13 59 65 72 58 39 78 98 96 32 31 82 68 35 96 43 61 28 81 48 30 8 72 9 93 60 6 15 78 83 11 79 32 42 5 31 77 63 32 50 79 60 16 50 45 9 35 14 8 9 74 92 84 19 53 47 39 31 9 46 83 93 78 25 85 12 17 40 44 84 3 65 4 36 50 68 77 85 12 
30 39 81 26 6 91 63 71 0 37 27 29 7 67 12 55 40 10 17 79 85 20 13 50 86 98 14 2 7 59 39 47 5 52 92 46 58 33 10 41 47 32 88 11 32 33 94 3 95 74 76 98 52 47 45 42 69 80 52 24 24 62 2 10 5 84 98 29 10 11 17 84 20 60 86 86 8 60 45 57 78 44 10 64 85 51 33 86 51 8 75 95 77 16 60 70 6 3 86 0 
92 78 28 28 24 61 68 79 60 18 94 62 54 22 11 62 54 6 77 31 42 1 47 84 82 92 15 42 59 10 18 38 20 29 39 40 78 4 16 74 31 86 89 66 62 7 75 67 29 34 68 33 69 47 68 18 17 46 91 11 96 99 88 12 76 11 34 65 79 91 12 38 33 96 62 92 90 95 29 44 38 5 84 87 97 62 37 14 56 50 34 72 25 72 97 50 70 90 80 86 
33 92 77 4 3 60 1 72 2 86 79 16 71 77 19 65 76 66 32 47 66 24 39 27 35 23 13 71 41 9 34 60 62 37 3 23 39 6 45 80 43 40 91 64 14 85 22 44 97 7 91 82 80 72 89 16 57 82 75 48 86 95 72 18 94 96 17 40 4 78 87 25 0 53 74 23 46 81 97 44 29 1 27 75 84 78 21 24 67 8 93 16 0 26 90 33 39 32 49 22 
83 36 7 30 6 86 4 22 8 65 64 56 54 97 56 5 68 42 91 7 21 96 9 95 39 61 36 85 19 77 97 94 94 88 5 85 3 97 96 81 71 21 99 45 30 73 61 77 12 16 7 28 20 72 40 3 52 40 77 25 97 90 34 39 16 27 33 26 49 79 32 7 31 81 29 54 65 42 32 82 91 65 0 28 7 27 70 42 17 19 3 50 50 37 64 30 53 23 30 62 
44 89 30 1 48 93 71 28 69 17 59 9 41 67 84 14 39 17 54 40 77 74 88 91 1 77 30 63 42 33 22 41 98 17 15 86 75 21 57 91 8 40 71 97 26 55 29 43 83 98 50 50 61 90 93 25 14 70 46 93 10 30 51 18 69 17 79 43 95 77 11 70 18 53 96 15 43 6 88 39 51 58 16 16 71 37 65 35 33 8 26 97 81 96 86 26 93 11 18 11 
17 22 5 1 81 98 37 51 11 50 5 69 67 85 85 37 26 68 6 10 51 15 23 46 76 37 43 0 12 53 95 51 79 34 66 30 95 17 64 20 78 61 72 41 32 63 57 38 14 52 34 13 31 48 25 97 6 4 93 53 88 26 80 18 83 38 7 70 32 81 83 26 25 34 72 72 29 81 68 66 84 39 58 49 54 29 24 1 79 28 29 68 88 17 79 53 89 11 64 16 
74 61 3 99 55 8 6 82 47 85 58 94 7 63 38 98 42 79 47 99 0 95 60 6 93 8 65 92 83 7 89 98 19 63 40 56 68 9 26 34 88 60 70 85 23 70 54 75 65 87 59 55 0 0 84 67 94 82 50 26 87 68 22 56 42 90 74 44 60 76 76 33 34 23 49 60 29 26 70 77 3 35 97 24 3 59 49 58 95 87 13 4 45 49 54 3 60 42 92 93 
56 61 80 55 13 84 47 95 84 10 41 35 10 77 62 87 97 0 97 60 13 3 76 97 63 85 35 59 4 55 16 63 7 4 85 18 27 61 80 57 76 49 72 90 60 95 29 79 67 35 46 28 70 10 89 70 43 66 59 19 14 93 72 35 58 25 25 49 58 60 40 6 53 89 23 57 65 7 9 93 20 92 42 91 40 52 77 11 16 59 15 51 46 25 89 49 84 56 54 14 
66 31 82 92 96 57 38 25 51 60 13 48 29 47 15 84 7 6 0 63 39 48 7 65 97 13 31 0 53 17 9 18 57 49 3 20 41 61 49 58 88 33 94 85 60 24 78 20 62 82 53 26 99 1 94 42 42 54 33 8 97 41 18 76 13 22 67 21 86 93 75 23 23 8 4 71 44 0 2 82 45 89 6 97 76 98 53 9 69 44 1 87 9 42 24 9 29 58 10 17 
97 57 54 33 53 64 67 27 66 61 45 95 40 0 93 56 78 71 85 60 79 44 41 35 8 17 29 44 46 97 36 84 29 45 44 3 81 77 7 1 80 48 45 91 76 21 19 78 78 68 72 67 47 48 98 80 42 83 51 54 79 79 52 95 98 61 22 62 55 23 87 64 97 50 31 9 24 26 96 60 39 17 18 11 61 82 20 71 88 98 59 78 92 76 36 6 53 58 87 5 
3 10 41 45 25 1 87 98 72 49 0 89 90 31 49 76 90 37 90 79 17 8 49 69 57 56 66 68 65 38 21 9 66 82 3 27 33 55 81 9 13 64 14 14 17 36 8 57 77 4 30 5 29 7 28 19 95 91 63 57 7 86 30 85 27 43 77 87 84 78 64 71 90 38 92 35 6 74 58 19 46 5 94 37 85 37 30 23 1 81 10 3 37 39 35 22 83 34 73 92 
2 56 82 88 87 38 52 47 65 3 16 73 98 95 11 50 40 57 37 22 84 26 33 96 85 75 16 48 36 89 70 67 7 88 25 67 36 66 87 66 0 65 86 32 12 62 9 17 78 39 22 95 62 63 22 80 71 28 33 98 76 49 47 60 48 54 42 24 78 53 25 70 81 82 23 19 12 26 88 29 43 6 73 63 1 18 10 60 73 12 38 49 31 15 89 74 68 18 1 52 
68 63 29 52 35 60 5 31 66 71 52 71 44 96 70 85 9 93 93 63 69 57 98 16 7 21 52 6 36 92 53 47 3 28 37 75 19 86 26 72 23 49 4 83 49 32 40 98 8 82 43 75 98 42 70 60 26 1 24 75 19 40 40 16 26 76 15 12 52 95 3 85 6 8 89 32 52 46 69 10 96 15 96 69 57 27 30 8 52 22 0 94 77 38 88 68 25 3 72 6 
46 41 72 91 52 32 83 38 79 95 91 36 16 87 95 79 41 20 6 69 91 47 78 94 30 78 42 26 32 2 52 83 78 59 21 45 43 69 70 50 49 41 63 0 57 21 86 61 6 17 82 55 33 42 56 4 63 4 70 15 60 99 66 59 83 29 26 84 37 31 33 4 42 37 28 68 86 47 15 63 0 90 57 17 9 2 71 35 55 72 55 71 28 19 0 80 57 87 46 47 
42 31 62 27 35 47 48 73 47 88 34 87 4 95 21 52 96 55 63 65 11 55 7 1 4 55 72 11 60 45 98 47 69 79 47 4 31 20 5 66 29 0 33 32 57 40 80 59 81 29 7 19 97 43 80 53 69 93 39 42 13 67 82 40 14 89 81 11 26 50 1 29 66 39 35 48 92 45 63 47 32 84 17 55 11 6 55 52 10 91 25 21 99 34 54 21 49 99 64 14 
17 87 58 22 5 61 99 43 40 14 17 31 57 12 75 17 45 30 64 26 95 35 94 20 58 4 86 26 23 19 96 36 23 53 16 14 35 18 90 55 25 0 12 4 81 37 98 72 13 53 91 15 73 79 9 34 99 90 73 65 98 24 12 59 60 30 73 45 58 98 76 37 31 37 30 25 3 83 78 49 65 25 8 93 99 10 76 83 53 85 28 23 49 17 53 88 41 40 40 30 
