100 100
89 18 25 8 7 74 16 35 4 39 3 96 77 12 70 83 41 75 29 44 81 27 51 91 57 40 63 82 69 93 20 57 84 28 44 69 28 48 94 78 38 23 36 20 15 97 58 75 84 28 77 17 5 78 98 98 20 96 22 30 44 12 66 24 80 13 11 87 62 37 44 73 43 92 43 53 13 80 0 69 15 84 99 61 43 40 5 55 45 53 78 7 99 5 86 1 92 54 36 80 
10 7 34 13 63 99 22 84 30 5 48 74 74 23 77 25 74 39 67 72 85 47 51 14 85 56 71 64 12 97 4 92 63 37 15 97 56 58 46 93 19 4 37 2 41 93 25 80 39 42 62 69 35 46 96 42 58 73 39 98 77 56 67 24 9 55 60 34 92 23 22 47 63 53 25 76 77 38 1 23 73 4 24 44 71 50 74 40 94 40 20 30 70 78 12 4 96 4 61 71 
19 8 60 43 6 48 22 93 85 6 59 9 4 27 70 94 13 23 77 80 38 25 67 25 83 38 33 11 37 14 98 97 95 63 6 96 52 97 57 20 50 74 59 83 25 62 40 98 26 97 41 25 89 80 88 23 57 82 24 86 3 60 35 76 90 35 46 15 2 60 14 70 30 48 99 13 55 41 25 69 85 37 30 64 79 5 7 71 39 17 82 28 95 30 23 43 87 68 98 68 
83 77 93 59 31 5 14 90 42 48 70 2 78 69 51 4 1 81 4 58 25 51 11 22 40 0 36 75 79 42 50 74 19 5 17 78 5 54 35 99 26 47 8 91 38 90 77 82 42 6 78 11 87 92 47 16 94 58 96 91 37 69 64 49 27 82 64 60 78 65 39 79 48 19 21 8 76 93 88 57 15 26 46 35 10 12 65 77 9 77 16 48 77 89 35 30 54 98 92 12 
60 80 34 95 71 90 81 66 44 37 96 46 98 71 48 38 89 15 74 97 66 7 91 13 27 14 62 13 4 19 18 46 99 33 32 2 55 41 14 17 47 45 53 89 61 51 76 3 65 5 90 29 36 53 75 59 60 48 46 49 50 67 9 84 93 30 80 45 57 32 27 88 92 43 10 81 40 60 6 54 89 86 29 45 23 68 70 33 59 35 27 47 19 8 55 52 48 6 99 95 
24 72 19 48 71 54 61 78 57 8 37 93 25 58 11 12 92 50 33 56 21 43 12 75 3 28 94 54 19 60 10 77 68 51 7 68 85 65 96 93 6 18 87 89 81 90 92 83 66 49 40 56 16 81 15 56 23 58 23 99 35 62 71 11 62 79 27 33 45 98 12 62 2 97 26 88 10 80 99 74 65 63 55 36 67 83 14 70 26 46 22 71 3 43 42 36 73 78 2 98 
43 72 8 77 58 3 11 46 43 61 61 52 38 74 62 37 67 18 62 58 20 56 23 57 79 67 89 85 97 86 42 92 15 71 90 88 13 39 53 23 88 62 78 13 96 44 60 78 58 55 79 16 45 99 82 25 27 30 78 13 91 90 41 87 74 15 92 6 35 93 14 86 2 81 18 6 7 19 42 48 59 61 89 27 98 74 70 13 24 64 15 1 38 94 84 26 11 84 27 93 
20 1 12 11 48 48 21 43 72 26 16 46 2 35 20 72 74 22 80 98 57 30 38 21 54 50 39 62 31 30 71 73 93 15 16 47 2 54 94 87 18 41 10 77 27 75 35 50 62 4 28 35 59 54 23 32 80 25 62 86 13 34 8 92 41 36 50 18 89 94 50 63 33 24 40 89 91 12 99 54 9 60 10 50 73 61 88 86 50 69 61 99 17 6 22 19 77 78 22 55 
72 62 69 50 1 15 73 65 90 42 52 32 95 82 46 11 23 79 11 92 63 49 95 40 15 27 32 17 75 42 60 95 31 13 71 53 35 6 67 2 2 60 30 23 60 79 43 59 73 97 82 86 12 78 49 90 56 10 99 3 41 77 15 49 54 39 76 36 6 33 92 99 13 60 45 91 37 1 59 78 72 5 87 87 83 54 23 73 67 61 83 20 7 9 20 6 78 96 75 14 
51 52 13 65 26 69 8 25 89 89 4 55 75 93 55 80 59 54 37 80 84 94 48 34 63 19 99 89 78 4 62 99 28 36 41 51 82 79 68 69 40 64 79 23 82 11 45 68 48 42 67 51 28 47 94 1 99 36 60 68 15 83 67 24 68 67 46 78 71 15 78 90 43 61 0 49 74 17 59 48 91 27 4 28 58 30 92 2 31 35 63 48 19 22 91 81 84 14 14 9 
27 31 91 17 9 95 6 14 73 62 95 72 87 35 65 60 14 14 48 77 69 7 55 11 77 3 70 17 58 62 86 85 98 84 2 98 82 4 54 1 86 62 62 83 28 75 14 74 12 3 72 85 87 98 73 49 74 79 11 5 1 9 86 14 3 62 38 8 30 67 57 39 90 68 32 81 7 4 39 67 85 37 45 15 85 27 69 21 84 30 23 41 13 73 98 51 14 54 62 43 
18 84 77 92 43 62 17 60 71 61 80 14 72 15 14 6 89 70 51 0 86 41 87 44 27 48 18 21 75 74 75 28 74 34 62 35 52 27 65 33 68 1 28 93 58 43 33 63 93 47 79 29 72 90 17 58 69 48 1 23 11 12 17 7 48 47 54 49 62 43 59 43 39 62 65 56 6 20 92 41 12 94 32 93 15 59 65 20 94 36 84 34 93 14 60 83 26 70 39 21 
0 54 88 15 83 31 21 69 92 15 48 57 95 67 80 52 94 59 89 54 83 56 95 65 65 66 47 17 83 28 63 16 38 73 40 40 64 76 17 29 36 22 65 83 80 98 5 69 5 1 79 7 82 32 78 41 23 15 28 60 92 31 20 1 92 10 11 60 75 81 89 47 35 42 7 14 5 39 16 53 52 63 33 56 94 76 65 58 36 41 17 53 51 4 59 89 55 74 97 79 
34 14 64 72 0 3 42 39 34 22 37 83 84 52 77 28 56 12 75 51 52 23 35 64 90 55 51 95 34 41 29 23 56 55 88 63 52 38 41 33 58 32 15 16 65 76 84 48 59 44 46 65 97 75 70 12 65 40 18 12 77 52 45 5 82 4 55 14 53 37 13 33 97 31 16 79 65 43 21 23 95 64 36 83 45 72 49 13 58 32 34 40 81 45 51 36 18 73 54 33 
85 30 34 98 67 64 90 41 2 93 66 26 48 76 22 98 43 26 2 73 51 85 28 50 53 62 56 45 27 26 53 97 68 7 20 9 13 64 10 45 39 94 93 49 31 0 67 77 20 45 27 49 84 69 16 55 9 69 71 87 37 39 11 26 0 62 55 42 2 5 68 8 17 54 19 75 51 5 25 57 46 69 93 64 91 2 98 10 14 40 46 76 69 9 38 47 95 17 22 60 
70 17 7 90 86 5 92 45 76 9 30 53 75 39 72 91 70 54 29 44 75 10 99 12 74 42 64 93 76 62 83 15 10 7 93 86 76 51 0 90 39 45 75 54 35 93 72 65 13 40 51 24 76 11 19 56 28 64 6 7 76 20 28 25 44 66 76 5 99 61 98 99 31 66 68 20 65 68 4 44 38 60 58 27 82 78 30 28 72 49 68 70 42 43 54 19 91 68 61 90 
70 97 48 19 4 66 73 86 17 5 18 40 27 61 95 69 35 77 60 67 5 55 5 37 98 19 61 96 60 4 4 30 89 92 44 87 7 95 6 97 87 34 96 94 55 41 66 73 90 39 73 6 23 84 95 5 45 64 84 70 93 10 17 84 96 47 51 63 83 16 2 68 84 61 27 34 63 47 54 72 76 28 4 0 51 58 32 46 97 98 96 49 25 42 27 89 16 88 41 98 
68 73 86 92 59 84 66 47 46 7 69 37 39 72 22 30 40 48 65 35 81 37 6 34 85 0 88 53 43 45 17 69 31 93 98 96 44 69 43 10 32 97 1 13 30 68 3 99 2 6 98 61 98 29 60 45 64 72 66 91 92 13 57 39 31 22 34 57 16 83 20 90 9 78 99 87 17 74 55 36 46 64 19 79 30 22 70 61 14 90 18 59 80 84 3 33 88 83 78 19 
57 53 31 80 62 24 27 20 77 51 26 93 74 74 4 90 36 65 58 54 83 39 87 91 77 17 4 98 22 84 61 1 6 45 78 28 2 60 73 12 65 91 31 45 85 0 12 1 20 0 10 86 80 49 3 56 26 38 12 71 10 17 41 64 0 54 1 41 33 58 40 38 50 51 92 25 4 58 92 61 99 72 52 7 8 69 80 33 84 2 15 15 59 18 92 11 97 72 10 48 
60 43 21 14 74 53 95 56 85 12 80 90 32 94 10 25 99 96 88 39 18 1 36 15 2 12 75 47 96 27 51 72 42 49 28 61 95 55 68 55 75 6 96 83 59 40 80 41 46 72 81 5 72 19 5 15 37 33 69 91 74 43 6 21 3 98 61 79 17 7 73 57 86 69 48 76 97 52 0 78 4 63 99 61 38 80 48 46 86 34 44 32 53 12 93 1 64 92 36 35 
82 67 9 27 23 11 27 14 5 5 37 17 89 75 8 16 85 37 2 69 5 52 18 65 4 58 1 70 36 49 57 78 16 50 75 16 85 25 50 81 59 34 66 62 78 70 19 85 92 4 2 63 36 33 0 31 0 2 21 76 95 36 83 56 54 76 80 1 0 20 17 1 8 49 96 76 78 23 99 88 52 2 90 1 25 15 50 6 35 66 83 96 46 69 91 64 45 60 96 18 
57 18 80 4 14 85 7 12 53 54 37 27 99 80 40 46 40 76 80 9 44 35 49 25 16 11 13 34 80 52 3 90 7 61 79 33 20 46 15 77 35 39 73 99 15 52 33 51 79 82 90 1 71 98 56 89 1 12 97 39 95 35 13 34 94 36 73 98 11 32 7 8 13 65 66 87 28 99 17 28 36 11 99 13 9 69 40 29 53 67 15 31 6 53 45 53 95 46 76 87 
49 47 37 29 38 2 98 5 4 2 12 76 99 61 12 22 93 2 9 19 89 20 22 93 6 54 84 80 41 13 18 62 77 87 31 55 23 38 35 13 29 40 6 87 14 7 57 39 71 12 39 83 52 31 63 58 98 83 90 35 32 72 88 56 48 20 86 90 43 7 30 44 63 88 90 47 95 9 46 57 4 78 77 41 15 13 66 93 67 82 23 61 56 39 22 47 92 11 97 99 
66 26 23 6 8 92 29 93 13 11 75 4 91 18 40 0 9 88 15 11 72 28 11 94 70 50 11 51 87 54 70 34 24 27 6 10 50 27 52 56 69 69 31 15 84 75 16 92 30 65 78 28 85 29 53 27 17 17 37 24 21 14 39 42 42 62 91 81 16 33 60 58 90 23 52 35 75 29 25 42 2 0 10 35 90 62 22 44 10 8 94 97 24 84 14 88 7 92 9 10 
79 18 92 75 32 97 96 47 37 24 63 62 74 98 89 64 84 29 54 16 84 67 3 42 74 58 73 68 99 99 81 70 90 22 55 12 47 27 72 12 17 36 89 55 25 81 41 25 70 4 61 76 71 26 0 4 95 62 61 60 31 45 11 1 77 81 60 61 48 2 47 61 12 73 4 86 31 19 83 59 36 25 19 11 99 62 8 3 17 54 97 75 38 72 23 90 80 99 20 73 
42 56 3 35 93 11 76 70 93 62 46 25 43 62 80 2 21 33 41 98 54 24 67 75 88 10 97 57 20 48 19 21 65 42 78 45 44 22 45 52 6 48 56 81 65 82 59 17 88 85 25 90 62 63 29 17 74 34 96 71 24 60 45 36 82 93 29 48 93 46 51 31 98 60 51 31 57 89 45 51 44 8 81 22 39 59 76 76 87 67 6 36 68 4 85 43 48 91 0 72 
81 20 5 64 54 61 92 16 12 46 98 84 30 76 9 7 3 63 36 57 7 51 61 31 41 78 1 85 19 70 19 52 27 46 57 35 20 1 95 87 76 55 46 30 77 79 0 68 73 65 45 19 83 9 54 77 70 16 55 67 44 76 38 97 59 30 57 79 75 11 92 2 0 47 16 50 81 55 64 2 22 16 2 47 54 77 28 70 99 80 80 17 30 71 56 90 86 38 26 60 
88 71 3 22 17 86 14 35 35 59 63 13 93 32 49 80 20 11 13 41 49 68 44 18 49 2 66 24 27 36 88 0 25 73 35 89 2 33 74 99 22 58 46 12 14 97 92 87 45 79 59 34 19 74 86 46 34 29 8 94 14 58 2 72 13 97 81 15 11 50 37 10 22 42 49 84 53 96 12 20 54 33 3 66 17 28 16 67 11 96 46 9 88 2 66 79 41 35 21 52 
8 98 79 65 43 74 60 88 59 71 57 94 98 9 33 25 68 21 44 38 71 27 60 13 68 67 14 47 91 96 55 95 38 69 16 16 54 74 55 57 59 7 10 78 25 88 93 10 3 12 19 6 27 98 85 25 22 45 15 24 9 70 67 8 24 24 27 70 54 6 61 30 21 81 29 67 12 36 11 58 34 27 25 41 29 97 79 74 58 68 9 83 67 30 97 36 66 49 69 95 
68 86 27 24 30 3 68 14 94 66 2 80 50 89 17 39 80 32 12 27 65 96 71 88 0 33 36 95 9 37 62 49 51 42 53 91 13 18 92 26 4 11 3 97 85 54 53 85 49 23 81 93 42 21 15 58 36 49 97 4 8 45 66 9 15 55 63 62 6 71 61 36 0 13 34 68 86 42 27 91 30 74 33 87 34 3 55 74 67 64 12 64 67 56 77 18 40 51 61 37 
62 33 78 68 72 2 39 94 74 9 0 20 17 38 70 66 64 66 44 3 77 48 65 10 31 93 58 70 63 75 42 61 8 11 81 69 68 88 10 15 87 40 76 32 94 81 10 93 64 98 38 38 47 19 59 87 23 74 15 49 83 88 87 54 84 15 40 43 66 29 62 14 4 53 91 77 75 56 94 73 46 91 93 62 85 44 55 14 47 50 82 36 28 28 28 3 7 80 68 55 
72 68 96 12 49 65 17 57 2 96 50 86 35 98 72 16 61 70 62 16 84 5 36 95 23 89 21 41 40 10 9 21 85 93 68 72 27 93 29 4 11 47 58 47 66 5 40 0 5 31 10 29 56 86 89 85 15 41 70 44 91 77 15 53 70 11 82 31 49 19 76 3 0 43 82 85 51 33 66 65 44 74 83 24 38 11 52 23 52 42 34 87 44 81 69 49 14 12 2 0 
11 57 6 97 63 27 9 99 83 99 84 27 67 27 19 49 75 91 47 12 7 95 27 26 64 90 97 4 69 31 4 64 82 85 71 92 87 63 12 98 29 86 2 88 53 2 40 94 61 75 24 85 15 51 15 22 58 36 21 64 15 88 91 15 77 17 27 41 89 26 83 61 37 77 66 41 14 27 24 52 99 37 8 93 72 48 83 43 15 87 38 1 61 19 80 20 24 31 65 30 
44 46 34 45 68 22 54 5 54 78 65 30 73 90 59 17 70 69 3 32 29 39 12 13 74 41 79 83 60 69 14 99 92 30 97 46 89 0 83 22 42 48 48 70 12 42 8 57 62 82 66 6 14 88 46 85 87 52 48 54 4 42 6 11 34 2 91 99 84 22 41 88 37 75 72 20 51 38 21 72 95 35 86 21 54 99 78 64 22 37 30 86 80 22 9 19 96 70 54 16 
13 70 84 96 64 84 31 9 11 48 0 47 78 92 57 40 84 98 14 15 37 25 59 42 96 17 59 71 37 22 76 83 81 87 36 26 5 80 63 1 50 81 18 85 50 2 68 35 12 79 67 33 44 62 53 56 5 99 99 34 6 31 2 89 35 49 28 13 74 85 97 35 78 74 51 55 39 91 87 87 94 0 49 32 53 78 85 40 66 40 39 0 85 15 63 1 40 64 58 54 
11 1 17 92 11 34 11 76 9 72 5 80 98 55 80 88 70 51 11 43 56 44 25 23 45 43 77 93 99 9 96 0 18 14 55 91 79 60 13 61 13 5 68 41 1 99 11 62 95 75 10 57 90 47 42 40 90 36 14 9 96 86 79 28 25 26 34 29 56 58 11 45 34 67 70 39 27 55 99 46 18 56 48 13 0 49 9 18 17 92 63 6 27 4 82 37 91 87 28 73 
61 27 23 58 84 48 96 45 42 13 72 47 33 56 39 16 26 87 84 78 85 29 36 80 65 99 51 52 69 95 63 32 59 35 10 81 36 58 50 44 60 92 26 6 87 46 24 13 57 91 25 35 46 9 61 30 29 44 0 21 38 33 56 58 57 45 32 56 21 83 19 91 4 80 93 46 61 50 59 25 88 95 30 23 17 50 90 1 15 5 46 47 10 65 71 74 43 59 20 83 
71 97 17 83 79 93 77 52 26 72 20 79 63 61 29 38 5 78 22 8 32 52 45 63 22 35 95 9 13 4 8 17 43 55 2 24 28 83 49 99 18 0 38 8 3 87 26 97 82 75 50 44 63 51 53 52 72 39 38 38 48 13 34 39 20 25 59 57 11 34 18 52 2 2 63 24 39 35 59 8 80 0 14 72 76 36 29 59 87 21 22 38 31 76 71 85 82 58 56 35 
64 94 96 99 64 98 97 74 47 99 38 6 28 29 78 65 44 70 7 19 56 41 96 28 31 90 63 50 5 24 49 49 4 11 99 55 62 88 29 14 84 6 73 12 46 22 22 3 54 16 17 89 29 75 92 37 91 47 89 18 58 6 14 0 54 66 10 89 40 56 70 77 16 48 14 73 52 19 81 5 6 8 96 20 49 12 30 32 67 40 99 34 72 68 10 27 86 37 87 28 
41 67 82 99 54 48 10 62 92 44 45 63 8 37 52 17 92 26 13 55 91 91 47 30 40 95 86 79 17 34 84 25 69 67 79 28 19 32 16 39 69 37 20 83 17 99 93 76 23 6 2 19 76 57 54 29 81 45 10 44 6 3 30 55 88 53 99 46 49 55 58 91 87 18 67 34 64 54 30 20 73 89 9 50 13 95 48 12 11 67 70 49 25 18 57 51 59 74 28 16 
19 5 62 26 43 24 69 71 62 58 48 26 30 29 30 44 34 24 89 18 74 89 74 98 91 21 65 69 69 20 74 36 22 3 25 45 24 9 92 80 66 39 31 29 15 28 53 36 87 63 76 44 7 88 81 68 67 86 57 24 34 37 67 14 92 35 15 8 87 38 22 93 8 86 35 90 75 5 14 7 29 34 79 74 45 22 72 43 89 20 6 20 67 16 54 68 44 50 68 26 
74 32 68 47 68 85 84 56 50 91 36 9 64 52 68 51 80 68 15 14 46 26 89 55 70 33 34 83 67 68 55 40 31 21 22 54 3 93 73 4 77 4 0 65 70 69 52 44 69 15 94 14 97 10 19 10 14 43 64 58 99 6 90 46 94 55 64 65 48 31 68 98 87 75 66 43 41 65 74 12 63 70 85 47 50 7 47 32 24 88 16 94 87 10 83 31 57 96 94 9 
83 81 35 25 72 84 54 84 80 23 52 67 74 88 11 60 57 53 24 87 26 55 18 38 23 62 83 3 18 94 31 49 33 33 79 66 88 95 0 4 68 58 32 19 43 39 54 41 51 48 5 99 3 80 49 40 12 8 10 67 96 40 48 62 65 33 40 24 16 84 27 22 64 47 72 62 68 78 12 83 3 60 83 85 36 51 42 92 37 94 19 47 8 82 37 95 95 99 61 24 
99 47 44 35 8 35 26 84 52 73 70 90 70 53 54 17 0 36 18 59 22 31 36 58 29 44 10 37 16 45 92 53 78 60 15 78 80 34 23 30 48 40 68 69 15 92 50 22 95 52 82 85 7 62 87 41 99 2 99 52 63 85 47 84 83 47 56 64 77 84 90 68 10 47 29 37 46 7 71 56 53 65 61 45 9 97 41 59 50 80 55 7 20 34 79 84 45 17 3 9 
34 98 97 57 53 42 67 18 51 59 56 97 67 24 34 32 56 75 62 1 47 86 84 46 44 68 12 42 85 92 11 4 39 46 78 13 86 25 12 74 99 13 78 79 56 93 64 5 18 72 90 11 77 8 44 91 9 31 5 6 21 77 22 49 17 70 6 78 79 40 49 80 29 91 17 94 68 53 72 33 49 92 64 24 93 18 44 63 30 67 20 79 32 29 98 50 43 72 25 81 
31 51 82 46 33 23 53 91 48 98 30 28 44 7 97 0 6 36 83 97 68 52 91 90 58 82 20 52 69 94 11 13 67 70 34 25 76 31 2 45 99 42 62 5 75 53 2 24 24 99 47 31 97 26 51 22 36 90 91 78 56 70 15 84 45 58 19 44 5 41 19 53 21 8 12 88 63 2 28 36 83 89 2 45 32 29 40 88 29 20 65 21 79 2 54 98 12 21 63 4 
40 40 94 3 43 7 79 78 3 55 30 35 48 75 9 28 69 34 66 19 93 55 48 52 90 93 85 80 80 21 19 12 49 20 85 74 84 65 81 79 4 10 31 42 74 42 8 76 17 43 8 40 84 29 69 45 54 75 30 50 90 28 23 17 81 97 57 67 96 53 20 2 84 36 22 37 17 16 99 88 91 29 11 31 15 89 8 16 45 80 85 15 73 36 30 74 91 94 41 77 
59 95 21 4 77 30 68 90 58 83 62 9 23 61 63 99 29 67 1 90 18 40 48 40 93 79 18 16 16 61 43 53 78 95 27 44 23 90 33 28 40 38 68 90 86 5 84 73 31 7 32 99 2 51 53 48 39 15 49 43 67 85 65 39 88 9 36 91 76 14 21 37 67 25 38 20 67 63 62 4 52 37 8 46 43 45 70 20 97 79 72 2 72 47 84 30 54 37 30 53 
70 60 4 90 71 71 16 30 30 34 61 37 52 37 22 12 60 14 73 23 82 23 23 10 31 29 12 50 31 67 46 13 81 94 57 22 13 22 30 61 52 49 8 7 87 31 23 49 53 86 38 90 99 47 22 94 61 12 65 12 39 63 72 28 95 39 57 54 16 1 28 57 84 6 72 7 74 95 40 83 67 53 79 37 18 3 81 19 21 76 27 20 58 45 20 93 82 23 20 69 
29 84 13 73 58 0 89 16 24 22 60 17 57 44 47 39 38 87 91 24 16 2 85 1 33 9 18 49 17 1 98 36 31 27 39 33 19 95 31 76 42 14 90 25 56 45 93 29 84 83 69 94 92 32 64 40 31 4 13 7 93 99 79 50 62 2 80 43 21 83 74 16 30 28 21 56 42 14 6 66 10 87 83 12 47 12 60 81 84 92 42 52 41 72 18 64 54 98 65 40 
31 24 65 90 50 5 98 33 73 73 14 63 31 43 53 80 17 48 69 86 21 55 93 43 73 8 45 22 8 85 41 11 58 78 86 78 94 27 85 84 17 44 77 59 56 16 87 27 52 86 91 50 29 83 74 17 81 96 22 91 43 80 42 42 60 1 55 47 12 0 2 83 84 45 62 83 59 80 12 67 14 28 97 51 88 22 81 46 34 18 50 60 47 56 54 65 36 17 60 58 
86 7 20 40 36 30 2 87 71 96 41 84 42 84 61 94 79 31 25 45 11 63 65 44 1 91 86 17 66 82 95 59 55 47 29 39 72 82 6 14 20 5 42 69 89 57 93 74 73 17 11 3 5 11 42 84 80 23 30 10 39 85 19 93 92 38 7 73 41 85 43 0 31 97 67 19 50 19 70 12 70 6 23 83 82 83 23 7 52 30 66 31 90 76 31 88 60 43 83 78 
34 55 96 2 51 46 24 10 97 6 11 15 67 1 5 90 60 57 86 2 50 78 94 37 0 77 32 69 83 78 76 25 55 72 76 68 60 7 5 85 19 86 34 20 50 26 81 99 63 15 48 45 1 45 65 63 59 70 94 80 86 3 24 62 84 52 2 73 66 15 89 32 10 59 61 82 42 49 99 31 29 71 28 71 57 61 88 82 37 9 89 92 79 66 81 79 50 39 95 78 
38 60 41 12 12 93 54 86 20 26 58 42 40 3 16 5 3 37 19 77 13 40 60 98 45 91 25 69 56 45 11 39 72 77 49 29 81 20 70 68 26 89 79 99 55 22 3 30 82 33 38 69 16 81 25 17 85 90 18 39 19 46 10 99 90 14 49 22 12 4 44 27 27 90 34 42 15 3 16 19 66 57 45 54 81 11 62 22 1 55 9 63 65 54 56 26 82 7 0 76 
49 42 11 48 23 30 15 53 35 92 88 35 87 33 55 35 56 42 60 81 52 58 1 25 1 78 48 13 27 4 16 82 12 96 74 42 39 23 1 85 75 60 87 67 42 69 10 24 34 86 43 81 30 92 84 18 8 88 24 12 34 37 91 1 2 27 43 46 94 66 26 1 76 83 16 26 54 53 32 71 22 54 34 70 52 59 32 42 84 26 54 26 73 18 14 9 94 96 60 83 
5 40 40 35 89 65 85 81 40 57 98 33 68 57 99 53 97 49 74 0 0 98 83 56 78 43 85 81 76 61 5 38 46 39 16 31 74 46 36 60 46 2 7 13 32 36 0 58 5 64 58 41 76 74 86 89 41 93 31 38 85 16 32 83 23 77 78 6 7 62 50 78 15 22 45 49 55 32 42 36 45 58 20 84 40 56 17 38 17 90 62 39 96 16 60 49 4 12 37 20 
73 81 11 44 12 2 78 85 20 85 29 64 48 29 79 26 33 82 90 39 54 47 40 53 33 84 44 24 11 54 59 68 35 8 39 21 71 11 99 46 23 67 37 10 70 31 45 34 43 19 30 51 0 89 18 87 97 42 45 21 6 94 26 22 1 41 90 66 15 31 52 60 37 83 41 61 0 63 44 17 64 67 25 59 92 55 96 90 66 77 27 8 68 4 11 0 24 45 23 58 
32 60 65 26 13 3 27 1 85 37 89 27 74 58 39 38 97 68 66 17 67 9 22 13 46 75 70 84 35 57 35 34 3 44 22 57 16 28 9 67 33 85 16 19 24 56 36 52 11 34 71 65 33 90 65 50 43 13 15 2 10 35 26 54 2 49 58 68 84 63 76 23 16 19 44 26 15 25 15 27 58 8 4 6 46 4 29 66 63 37 5 23 70 13 64 37 4 18 30 84 
39 70 83 56 99 35 47 51 54 29 81 73 91 89 85 15 29 67 91 87 2 83 62 90 46 85 20 23 38 79 46 68 12 87 28 7 9 77 83 7 97 28 74 94 22 67 46 13 87 95 61 37 17 72 84 84 82 45 72 82 34 76 2 61 44 9 5 47 3 37 1 81 76 50 6 87 57 41 79 23 66 37 55 66 95 34 64 97 35 88 30 99 79 1 14 75 22 0 48 65 
96 91 97 66 68 87 21 36 2 95 56 46 28 3 91 39 49 54 10 92 68 38 75 57 58 94 49 29 78 55 27 45 32 95 27 97 64 32 70 16 52 61 72 89 9 42 23 87 53 64 17 6 93 19 59 94 82 79 29 83 89 40 46 26 51 58 94 83 28 75 39 59 36 19 44 1 23 31 45 27 13 45 2 18 34 23 38 38 23 28 96 75 10 46 51 4 54 34 23 4 
41 6 50 27 36 33 72 33 68 12 47 2 61 27 34 81 60 38 99 74 49 97 43 10 73 33 21 69 4 61 62 51 58 79 64 61 6 52 44 18 80 63 30 78 55 56 31 55 46 52 40 46 25 54 17 39 22 93 35 30 25 25 7 53 47 16 40 72 54 66 0 24 41 58 25 43 17 58 6 39 53 53 23 21 38 88 88 84 14 19 14 58 2 96 78 49 89 71 48 86 
51 20 67 26 49 71 38 14 31 79 50 9 80 93 81 56 44 65 74 41 16 97 14 42 14 24 11 16 7 94 18 55 29 43 26 9 76 41 7 63 39 41 13 46 75 56 17 98 56 2 16 83 41 52 58 37 37 43 97 6 37 72 59 24 84 5 77 32 72 40 77 81 47 90 61 38 62 62 41 88 13 0 42 22 43 72 76 13 75 4 81 78 59 53 43 61 73 68 40 60 
67 3 60 25 90 81 15 16 78 92 59 21 55 5 64 9 92 10 30 2 57 3 27 32 66 21 50 57 79 2 23 65 0 4 40 2 29 18 51 17 70 28 84 18 79 51 14 37 68 84 25 61 79 88 51 9 62 56 60 93 46 97 82 94 60 42 68 81 55 25 93 85 98 84 68 55 44 81 79 73 61 48 61 2 91 87 25 89 25 6 24 8 82 56 32 99 42 53 34 53 
52 6 88 71 99 74 27 35 38 27 64 90 9 48 82 28 11 80 4 63 53 83 95 35 56 98 70 9 86 1 64 99 33 45 5 99 56 76 85 14 10 28 97 71 92 38 96 64 82 27 65 24 13 31 97 57 31 61 52 60 48 55 51 59 72 46 29 70 93 1 33 77 71 50 22 5 68 97 18 97 8 4 4 43 57 62 58 23 32 28 46 27 57 9 63 28 39 25 65 92 
19 92 33 64 93 64 3 20 7 72 97 68 26 3 5 97 78 52 74 65 10 99 79 59 24 28 99 27 66 82 40 76 81 27 83 71 76 30 27 19 92 45 53 77 27 32 36 70 47 42 76 10 49 22 97 47 37 41 33 67 8 34 33 79 7 77 83 84 81 88 64 14 84 91 42 11 68 16 84 53 85 74 37 75 21 29 62 88 93 42 71 85 89 75 43 28 37 18 7 86 
99 58 40 23 86 90 92 18 67 89 95 78 14 86 62 31 99 69 27 22 71 60 58 36 21 55 55 92 88 22 94 75 15 49 32 35 14 18 30 4 38 9 95 86 80 84 24 79 82 0 64 92 59 52 74 5 49 68 73 82 91 25 55 48 39 11 35 53 96 83 21 94 53 78 33 57 98 6 38 6 95 3 60 19 90 77 2 32 44 92 57 16 51 35 71 84 81 13 71 47 
73 25 69 43 46 82 76 10 65 54 87 57 60 70 29 94 43 58 32 48 6 53 51 15 87 84 58 27 77 76 42 65 92 21 46 24 51 55 46 74 88 66 86 36 27 14 33 54 6 53 18 73 28 29 86 81 63 9 36 43 22 98 69 28 86 73 60 8 24 83 85 53 87 73 92 70 76 21 57 6 16 49 21 89 32 43 80 50 19 44 28 50 75 97 32 32 57 86 55 81 
83 29 86 86 91 79 97 7 41 37 69 31 16 66 37 61 37 34 35 37 76 54 96 64 23 3 27 12 27 65 78 27 78 9 29 57 11 80 61 92 60 48 93 52 98 92 34 52 52 28 44 27 65 72 34 54 47 98 2 77 92 76 14 19 52 18 50 59 31 8 15 21 29 28 72 66 98 11 11 44 87 28 82 15 26 28 7 15 25 44 28 10 58 24 19 17 42 6 1 88 
51 27 61 53 2 96 35 77 29 7 10 13 9 54 15 38 84 20 19 96 93 87 26 36 79 42 17 8 47 32 21 15 80 33 69 65 33 56 30 96 50 64 5 56 47 42 57 68 2 75 9 9 17 54 72 86 87 61 31 69 59 41 72 21 73 54 44 29 33 59 29 39 98 30 41 97 92 80 45 56 56 20 51 17 91 89 62 33 20 80 63 36 2 59 64 57 63 50 66 40 
47 75 84 36 51 53 2 47 64 33 3 59 35 85 91 45 38 16 12 89 4 97 43 99 25 27 65 52 60 81 47 82 42 19 39 17 39 81 71 78 75 83 39 40 73 93 42 40 7 11 89 41 66 7 8 41 39 69 61 6 86 8 2 64 14 23 53 22 98 59 70 52 70 31 49 4 81 36 92 71 77 98 15 81 19 6 98 68 84 62 91 94 9 17 52 22 59 36 11 0 
11 29 89 51 52 89 48 62 48 70 93 70 20 13 64 79 50 22 56 77 61 56 46 96 72 34 53 75 62 88 45 6 70 73 57 19 17 90 5 35 8 51 36 52 4 80 65 76 91 79 28 23 33 24 71 6 67 45 97 8 38 56 43 33 15 61 38 89 94 76 8 14 40 35 82 29 94 68 97 55 54 5 28 82 88 55 66 17 62 8 80 25 32 4 45 21 62 7 31 16 
70 45 1 68 69 42 95 3 45 31 62 38 28 56 77 92 15 16 47 68 1 73 34 20 14 41 14 77 40 14 42 49 93 72 8 5 61 24 75 27 77 34 14 89 48 56 95 11 25 58 53 37 77 62 94 48 18 61 27 86 57 89 77 60 44 48 80 4 98 65 26 20 3 98 26 81 91 94 74 55 94 15 42 8 26 90 97 83 72 37 20 39 59 70 77 76 26 83 82 90 
40 86 20 19 66 21 58 90 47 56 77 33 91 70 92 42 94 41 87 30 30 94 13 1 80 64 58 18 7 0 70 58 18 33 0 87 2 17 90 35 86 31 34 76 15 87 64 39 7 99 72 76 78 39 78 80 59 3 68 93 47 39 84 45 84 55 47 10 76 84 54 9 20 72 79 6 90 45 77 38 0 76 3 74 28 59 75 87 49 59 27 6 39 88 84 94 62 1 9 0 
47 36 5 47 7 61 49 0 4 10 69 87 58 88 62 59 86 60 15 74 45 64 22 45 66 83 18 26 57 17 6 58 3 0 12 54 49 84 19 96 74 93 63 76 3 79 3 64 22 93 99 74 23 86 14 25 9 44 17 97 83 81 26 76 61 88 71 13 30 55 67 22 43 86 66 98 78 29 51 8 63 62 79 51 3 89 31 86 75 7 34 42 35 72 60 69 95 60 58 13 
36 92 39 62 16 34 11 92 28 14 98 4 70 15 27 16 50 37 5 57 32 88 45 97 50 97 37 78 48 24 41 50 77 6 84 23 60 27 78 68 15 11 7 20 62 56 66 18 39 31 3 94 12 55 6 48 46 2 89 66 17 4 35 59 64 45 91 5 35 6 70 74 78 94 80 47 51 97 78 80 58 61 99 72 40 89 96 12 50 26 84 22 32 8 82 84 94 85 45 65 
65 63 45 39 1 4 51 1 81 38 25 35 8 25 99 60 3 88 17 88 35 9 94 90 48 24 36 79 34 6 77 83 67 35 9 27 13 82 93 60 57 91 24 19 96 49 80 18 49 65 51 41 84 59 90 5 18 24 10 33 4 84 13 94 88 76 91 77 85 98 50 50 42 20 83 79 46 59 90 60 23 49 71 50 61 12 54 27 52 28 67 13 28 59 87 63 0 24 7 2 
37 58 66 95 65 69 89 0 59 13 13 61 60 18 1 65 6 72 96 9 60 73 61 25 83 75 1 73 40 97 25 89 98 97 56 8 44 99 88 9 78 69 36 51 96 98 20 11 4 44 33 55 78 9 58 49 16 36 92 1 71 97 64 35 75 18 74 56 33 84 10 38 27 14 16 87 56 32 94 51 18 26 21 32 0 69 19 74 24 82 35 14 17 75 2 7 88 55 6 68 
8 86 4 33 39 39 45 44 63 11 37 25 57 87 47 61 20 6 84 60 13 18 44 69 67 27 97 82 33 43 45 28 39 75 42 40 29 30 55 27 33 77 22 15 71 27 40 90 26 14 85 10 2 46 65 14 31 4 30 8 87 46 51 43 64 9 12 47 85 74 10 95 15 17 73 70 62 11 61 86 96 11 70 1 20 4 15 88 56 68 69 44 69 96 55 14 11 26 57 51 
43 55 14 33 11 3 66 21 38 69 76 45 76 24 42 48 9 58 50 51 11 34 33 87 12 89 59 60 2 48 6 92 52 93 38 48 92 23 96 34 17 99 21 84 2 33 58 44 87 42 26 93 94 62 64 76 23 89 65 98 23 78 43 77 35 68 91 37 87 13 17 53 1 96 2 47 40 97 94 52 53 90 71 23 0 96 52 56 58 56 82 95 53 0 68 94 97 65 53 60 
54 25 63 59 98 19 25 65 84 62 10 77 48 32 48 8 18 97 78 46 49 86 86 16 69 82 73 1 85 30 72 92 12 59 23 76 98 30 40 95 89 51 22 67 94 67 90 74 62 71 10 75 9 4 56 77 38 40 30 64 23 76 0 6 73 32 41 35 99 88 57 16 8 40 33 41 23 23 33 37 14 43 32 42 57 68 10 21 92 42 34 23 19 83 56 29 50 42 44 41 
80 17 29 1 47 85 97 91 41 27 53 2 10 21 15 56 29 35 66 81 23 0 2 27 86 96 33 46 10 70 50 37 98 73 11 46 85 58 20 54 74 77 22 33 52 94 52 1 2 30 49 48 52 46 66 95 19 57 91 32 86 81 25 12 52 80 61 66 87 48 99 38 85 96 87 17 2 96 23 64 67 39 15 3 94 24 82 92 22 44 62 20 36 85 26 90 54 58 37 41 
15 25 81 27 55 13 65 35 20 85 24 42 24 20 96 17 26 31 58 86 80 63 46 34 50 44 61 6 96 95 72 36 28 74 0 40 2 82 8 18 20 27 43 74 54 56 87 19 18 9 85 20 88 56 46 89 12 0 89 32 47 11 66 11 78 64 42 77 64 28 36 63 20 8 48 69 48 98 94 29 72 51 12 47 50 62 3 53 28 15 28 53 18 90 55 77 46 13 80 7 
85 39 77 49 60 27 98 14 6 36 19 90 16 66 39 54 86 53 94 91 8 96 44 57 69 49 78 43 71 19 78 78 88 3 22 21 74 68 70 2 45 49 39 70 36 76 86 10 25 33 29 23 51 99 90 39 37 38 81 4 93 96 12 73 41 41 5 75 96 94 28 65 88 21 62 27 18 23 25 87 6 69 60 57 86 96 42 4 1 6 74 13 9 78 82 52 24 39 92 98 
85 87 56 78 39 32 71 42 10 62 84 64 50 67 41 59 36 10 92 28 54 34 6 14 78 75 75 17 30 47 56 38 94 10 58 54 46 30 84 58 14 28 74 93 20 59 58 56 85 11 19 30 66 1 65 42 88 17 64 6 26 83 69 65 6 39 89 16 38 95 87 32 36 43 28 39 56 79 4 30 81 87 92 2 55 18 70 90 56 15 73 35 60 29 42 4 97 70 94 25 
82 71 5 91 3 74 98 2 46 24 43 17 97 4 64 77 12 31 83 5 56 29 50 93 24 68 89 42 7 79 1 52 31 34 30 9 8 41 24 89 55 26 71 51 36 47 5 95 10 51 30 28 63 67 91 76 23 12 92 53 69 91 94 74 75 97 25 54 70 8 61 53 58 17 24 81 63 48 43 35 32 17 76 90 10 53 47 19 5 40 72 1 10 80 9 75 24 30 92 56 
69 59 59 81 44 90 5 22 0 23 24 54 38 39 25 44 59 95 60 2 96 34 85 11 86 35 65 46 26 78 65 60 49 58 44 74 43 75 91 39 5 5 46 79 69 24 77 69 65 49 52 6 34 1 90 63 50 97 76 87 75 46 85 76 79 85 5 68 69 98 58 95 58 4 94 47 75 12 43 2 12 51 68 27 70 53 17 60 45 52 32 35 13 72 60 68 26 4 10 42 
74 17 22 36 1 18 40 33 19 39 32 35 49 90 3 29 97 98 64 31 47 38 18 74 92 94 70 24 15 24 50 48 92 58 31 2 40 89 76 22 6 9 25 19 15 68 79 83 53 44 0 95 25 5 1 55 38 83 94 23 68 7 39 48 69 11 72 26 7 47 14 38 58 27 40 27 47 34 30 5 24 64 97 61 74 23 35 7 61 6 22 33 3 94 35 75 60 34 71 28 
96 31 49 12 2 91 61 90 39 93 13 16 6 96 31 28 86 7 62 66 81 65 4 15 96 46 59 4 2 46 86 87 97 68 35 17 46 38 46 33 85 91 72 44 70 13 45 89 82 92 43 39 92 59 1 89 53 1 47 49 38 3 14 72 93 64 74 32 47 33 89 99 73 62 71 56 36 84 20 24 9 24 90 78 40 56 40 94 8 17 55 34 60 57 86 10 97 10 91 78 
64 74 51 93 13 84 58 64 0 11 77 72 43 2 39 40 8 52 19 95 25 65 90 88 69 60 40 18 48 42 29 82 77 26 0 43 87 55 36 18 3 96 33 62 21 70 10 89 97 79 72 15 58 64 85 15 47 96 82 3 46 80 18 13 71 86 36 32 62 22 62 40 64 5 47 45 9 24 74 96 81 97 37 3 61 88 88 26 84 49 85 98 24 96 8 79 13 49 99 37 
39 9 44 30 47 40 46 2 33 76 93 42 51 70 20 26 45 52 67 73 52 99 65 59 4 74 36 95 11 74 64 89 45 28 78 93 29 64 61 64 17 50 13 78 36 58 97 81 55 60 78 50 30 30 66 65 72 82 90 85 22 91 76 45 68 71 12 8 28 40 89 24 76 55 98 33 82 54 50 20 90 92 29 86 46 55 76 21 44 68 14 15 45 23 84 20 93 78 13 29 
79 66 70 65 22 17 2 7 12 48 94 50 50 16 15 24 36 16 82 18 59 33 4 86 24 30 37 83 30 41 7 49 23 37 76 60 27 73 32 7 58 65 48 72 59 12 17 78 49 62 41 77 57 23 39 13 83 0 26 97 53 96 64 2 82 45 15 5 60 48 11 49 65 30 37 77 6 76 71 36 48 2 81 73 66 68 92 14 55 57 6 15 30 67 13 32 23 86 34 87 
16 76 52 59 92 61 17 46 6 25 97 59 1 10 34 39 51 14 15 81 87 21 72 45 56 58 69 87 55 84 15 19 51 15 87 62 3 16 20 82 67 81 3 19 29 96 0 99 95 55 84 83 36 48 21 22 23 86 66 21 68 95 76 36 86 63 32 33 15 14 9 82 62 57 80 23 23 67 82 64 50 1 27 60 69 22 53 71 15 21 22 69 65 11 74 63 32 74 94 13 
83 38 53 33 58 82 13 92 91 62 54 42 92 46 91 27 34 95 72 71 81 44 14 65 55 89 32 51 33 15 63 25 11 42 93 44 16 58 99 13 86 19 58 95 62 29 77 73 87 20 17 95 96 92 34 22 28 47 12 41 58 65 17 91 11 9 99 51 90 15 91 87 66 9 7 40 60 41 74 61 1 43 66 74 28 43 62 59 55 6 80 97 70 94 85 79 76 19 19 9 
66 55 64 54 10 36 53 56 12 56 87 28 55 14 29 93 78 31 98 68 12 19 1 74 97 45 19 63 9 24 99 35 55 36 77 25 99 68 79 9 12 29 79 85 41 47 91 64 37 99 25 51 28 4 15 53 91 50 22 24 27 0 57 36 98 93 41 88 67 37 42 55 75 28 61 17 64 24 36 54 25 79 52 46 2 11 62 33 37 85 52 84 21 63 15 41 98 81 89 72 
53 79 3 79 82 9 32 47 39 19 87 55 26 10 71 37 82 23 85 79 10 46 15 39 95 57 27 70 15 34 9 77 45 26 20 53 7 4 81 13 94 82 70 17 85 58 94 45 29 55 98 6 15 41 44 25 33 58 21 2 10 71 37 14 8 75 93 72 53 34 80 48 66 52 11 13 5 62 85 65 45 21 51 23 86 63 87 84 28 43 95 37 34 92 64 64 17 88 92 56 
17 61 21 38 38 72 11 6 55 46 31 3 13 0 65 97 17 86 47 3 19 54 47 4 35 77 72 50 93 62 51 51 25 70 15 3 38 52 2 18 30 18 2 32 90 4 60 81 0 99 46 72 58 64 15 83 89 26 23 5 2 58 16 91 96 58 64 71 6 63 23 61 50 66 56 74 18 77 63 27 50 43 26 92 38 14 69 17 33 20 34 1 54 70 29 68 78 71 18 44 
27 13 16 36 3 31 70 85 44 95 40 34 79 36 16 98 66 74 54 67 66 85 45 81 73 92 2 99 84 6 82 33 28 38 23 71 66 95 43 33 65 34 85 99 63 16 96 75 94 18 81 92 80 2 79 65 89 78 21 55 49 72 16 20 18 10 93 81 82 63 93 88 84 2 3 9 3 69 70 74 19 13 0 1 32 95 46 15 16 22 41 37 73 32 95 97 47 66 42 75 
51 88 54 33 85 71 98 37 61 97 57 24 80 62 93 98 37 77 44 28 10 79 49 65 17 25 53 98 14 4 22 84 38 68 20 22 64 82 46 18 32 14 67 92 97 35 85 78 8 70 90 83 37 5 74 50 4 45 72 24 24 61 25 65 2 21 64 48 62 5 90 77 65 22 90 91 67 95 32 89 47 84 52 26 11 51 12 29 50 31 57 58 67 70 10 61 95 9 53 82 
62 41 80 26 78 36 11 1 65 78 30 41 92 5 22 13 23 7 27 61 67 39 32 85 70 93 6 45 66 18 34 32 96 31 66 40 46 84 62 81 79 12 43 99 2 75 75 41 42 56 90 31 96 41 73 36 45 32 45 77 58 38 42 16 5 5 69 12 6 14 62 27 5 29 38 86 70 13 72 82 46 50 75 47 4 25 11 41 45 45 31 8 75 87 2 92 40 33 13 97 
57 54 53 13 56 25 84 47 47 55 66 43 98 37 88 72 56 91 64 44 69 66 36 78 50 88 91 56 33 45 25 72 59 80 61 48 83 28 57 21 77 20 22 12 95 2 42 30 75 27 98 62 61 85 99 56 42 21 66 81 93 75 34 36 0 20 31 23 55 66 1 70 73 10 99 83 23 91 84 34 13 33 6 51 41 32 1 98 75 42 46 46 39 86 77 50 65 14 63 28 
