100 100
18 47 12 94 90 68 26 77 31 71 91 6 59 65 50 39 1 4 17 21 4 3 42 80 14 5 46 8 86 59 25 4 59 89 50 1 57 29 79 89 0 22 95 11 87 98 3 41 54 20 62 58 75 56 91 41 61 37 49 47 49 27 3 8 16 54 61 74 83 40 15 35 62 62 98 2 12 1 43 67 21 57 25 48 14 68 90 27 6 39 75 55 66 78 15 83 84 76 9 19 
17 24 6 31 38 5 33 51 58 28 18 80 38 95 80 4 64 70 31 22 62 58 77 28 89 92 63 73 68 72 45 37 48 51 69 39 8 54 90 67 35 60 99 25 7 79 29 23 2 12 45 64 71 22 92 12 66 8 85 87 32 82 24 81 34 45 72 94 52 14 61 39 74 60 64 33 92 45 57 94 57 54 58 80 29 2 92 95 10 30 82 43 12 59 76 98 4 48 93 8 
62 6 47 88 67 11 73 11 56 82 5 66 37 15 98 66 69 43 13 80 73 96 75 37 55 3 88 11 3 33 20 17 39 19 5 6 31 30 69 39 13 26 57 50 41 56 68 11 51 81 43 76 77 70 13 84 25 53 48 28 86 68 45 26 87 2 84 70 32 54 62 97 80 19 47 74 27 67 37 30 49 80 6 78 2 72 63 27 25 63 7 12 31 52 90 70 6 74 93 90 
80 55 88 13 26 35 87 6 3 24 36 4 56 43 82 10 15 97 37 92 60 96 56 43 48 46 66 6 73 59 96 5 66 84 18 92 20 57 50 75 33 87 31 41 82 13 51 49 63 40 41 75 36 98 71 36 96 37 42 21 48 39 27 14 23 97 58 95 55 9 22 40 48 53 82 82 19 85 31 82 26 24 9 14 74 80 51 71 17 93 92 65 84 71 31 8 69 90 3 76 
51 78 16 51 31 50 33 50 36 64 84 14 40 46 28 15 26 31 86 96 77 30 61 61 2 93 69 23 35 25 99 86 3 67 37 86 70 70 89 6 86 25 72 78 71 52 93 98 84 31 94 61 62 7 74 16 52 96 39 87 21 90 25 76 57 62 14 27 84 3 85 22 81 9 1 52 62 46 2 98 78 48 11 92 56 85 8 8 81 47 48 54 37 73 82 46 88 97 26 24 
52 11 99 33 73 52 38 35 98 40 85 28 89 96 20 97 33 80 57 67 79 5 21 68 31 56 15 71 53 41 47 57 4 46 43 29 98 81 16 49 21 1 29 62 49 2 59 83 82 17 2 62 74 23 30 5 79 97 28 84 90 76 94 47 22 37 76 73 18 93 74 91 46 55 6 96 57 65 31 40 34 33 54 9 8 36 66 40 34 95 24 24 71 70 23 45 7 0 70 77 
45 44 21 43 0 27 39 57 44 22 49 79 7 3 40 16 92 6 8 26 1 84 2 72 55 26 70 14 78 40 92 75 85 65 18 37 44 10 46 88 32 48 19 92 3 59 60 95 66 68 21 19 52 76 92 59 54 14 74 32 54 18 59 91 83 77 28 27 87 27 67 72 75 39 16 78 98 76 26 16 96 47 36 0 23 80 60 77 94 86 61 48 4 20 92 87 50 72 66 89 
99 85 13 26 24 29 57 23 57 83 91 53 82 27 6 58 59 66 87 53 4 49 54 8 21 98 47 23 70 13 13 22 98 78 48 23 8 57 98 17 40 41 23 23 69 29 81 80 47 68 34 51 69 40 11 43 38 58 66 8 71 31 82 21 10 31 96 70 88 46 39 81 88 62 4 9 43 37 89 90 57 75 93 27 15 4 22 5 62 40 66 85 72 48 7 34 79 55 56 20 
2 95 1 90 10 57 99 53 46 88 44 3 64 89 82 31 94 4 37 8 45 3 94 69 3 53 55 83 8 11 55 10 58 8 0 68 65 51 22 11 40 18 66 4 7 49 35 53 53 24 14 50 27 8 19 83 13 26 66 21 37 73 84 48 81 36 16 98 88 38 61 28 8 27 84 16 76 71 21 82 96 35 84 75 95 56 58 8 82 76 82 72 1 66 20 34 2 36 32 42 
27 45 22 35 73 6 3 1 30 77 35 78 12 20 5 60 76 16 68 10 44 2 82 46 68 2 80 23 91 65 17 70 10 40 5 35 98 61 89 80 38 76 58 2 96 16 14 24 32 83 35 76 37 69 74 58 24 55 81 15 72 50 85 34 90 42 22 41 55 11 21 45 87 32 0 36 48 14 12 80 49 99 8 87 69 83 45 45 38 78 60 62 28 97 96 71 91 18 12 47 
81 85 92 21 17 44 9 65 59 21 97 8 73 6 95 94 89 40 39 79 18 51 41 99 48 89 70 91 8 34 38 41 19 83 62 89 27 71 54 86 45 52 47 70 58 42 64 99 35 55 78 53 6 71 4 6 60 74 97 20 60 88 62 80 71 76 69 50 0 75 37 97 79 84 67 89 78 83 88 13 38 18 19 44 89 23 2 2 50 99 22 10 87 36 42 10 65 63 61 17 
91 50 14 70 34 33 12 64 16 0 78 6 71 49 2 60 24 4 62 74 3 37 37 43 25 31 53 90 47 14 7 38 64 73 60 50 6 72 67 74 25 45 80 96 46 82 56 70 86 71 97 42 60 86 85 85 17 90 28 16 5 35 6 21 61 67 24 67 91 91 94 16 88 26 12 34 9 21 56 47 44 53 89 4 39 26 89 9 17 17 77 74 5 84 95 66 3 19 85 94 
62 31 11 50 58 75 84 67 96 93 66 40 46 8 44 38 86 86 99 3 55 76 29 60 12 77 78 15 48 16 10 11 47 73 61 5 48 98 24 97 91 43 37 89 51 34 79 37 72 78 93 27 7 74 88 71 51 18 87 0 34 49 11 82 74 24 39 22 22 16 71 65 59 61 7 62 95 86 51 67 17 44 94 76 71 34 47 22 53 86 22 39 35 85 21 61 10 13 84 84 
29 7 2 40 68 9 2 63 95 5 82 12 2 29 88 73 63 88 95 68 74 70 8 62 55 81 23 65 46 7 2 27 15 4 67 35 13 21 99 60 79 33 73 81 62 13 54 78 1 49 98 76 19 6 38 75 40 61 92 86 21 46 66 88 50 33 23 15 7 74 76 86 8 1 67 22 66 73 0 20 22 99 48 94 57 38 69 49 51 13 36 24 60 2 12 62 87 88 30 46 
14 58 84 74 59 3 97 77 76 49 97 51 0 45 45 10 35 66 59 87 79 47 11 91 1 76 6 41 16 36 87 30 94 24 5 5 79 54 34 56 55 32 7 56 29 4 18 65 70 77 4 1 25 15 93 26 43 51 19 59 39 59 90 33 83 47 90 62 1 24 70 8 8 29 16 90 33 34 7 3 12 11 5 89 78 50 67 22 1 87 81 40 46 23 25 29 70 67 43 23 
43 66 32 4 95 48 94 29 83 1 84 47 64 41 36 42 91 55 16 44 42 98 36 40 73 13 21 44 32 65 19 76 31 51 80 78 52 74 7 87 27 44 86 43 85 74 85 29 29 54 25 24 52 14 64 25 27 86 21 60 3 41 88 86 44 68 64 48 94 24 87 73 68 73 16 5 47 53 86 29 7 12 53 11 26 69 89 53 55 10 65 10 3 53 96 0 73 61 0 67 
37 88 40 5 13 8 62 13 62 49 42 69 61 47 81 39 16 70 44 72 32 10 34 88 15 31 40 89 44 40 56 81 28 49 38 94 57 52 7 71 1 49 41 14 96 74 53 12 96 98 36 80 60 23 68 75 54 8 64 50 49 73 83 29 22 73 75 31 25 82 55 27 31 48 93 79 22 47 44 70 97 32 50 57 55 71 32 61 79 97 11 80 70 94 62 44 67 37 27 45 
20 34 72 3 82 17 35 56 64 31 26 13 63 29 70 71 0 3 32 79 52 96 12 74 90 74 70 10 63 49 55 35 84 79 39 66 48 26 23 13 57 1 78 72 30 49 43 30 4 76 62 56 72 74 30 14 0 52 76 15 1 83 51 85 14 42 52 63 68 27 28 77 28 6 49 59 55 93 89 11 21 51 67 45 77 49 59 29 1 88 45 55 23 96 40 38 38 44 1 58 
71 81 35 0 87 84 11 95 29 0 58 50 4 26 95 33 27 7 15 81 47 60 36 70 8 28 8 46 73 61 56 44 94 91 96 34 27 7 29 57 60 87 59 16 65 7 1 45 14 16 26 61 76 14 83 84 42 92 82 15 5 38 12 0 81 8 34 9 68 15 18 28 54 77 96 72 36 97 17 50 14 43 63 42 9 47 79 51 91 61 67 96 52 79 48 33 39 34 94 7 
49 12 87 56 42 83 28 78 33 45 81 47 40 44 41 49 43 20 0 34 82 19 83 34 98 83 19 38 18 14 97 19 26 85 75 20 68 3 51 1 0 32 0 92 28 42 41 72 62 94 58 96 65 93 82 16 77 2 6 95 16 3 14 94 88 42 15 9 45 66 62 98 50 63 90 78 57 84 2 71 78 13 20 95 6 2 11 83 4 17 30 72 21 97 67 61 39 34 70 84 
52 85 82 2 0 25 32 57 9 35 80 39 48 0 34 6 55 46 90 11 63 72 84 36 69 3 98 8 37 20 45 89 5 79 43 5 4 27 14 13 14 47 4 62 99 39 21 54 85 63 66 0 35 2 89 57 5 87 17 94 59 62 35 17 94 30 22 50 57 89 16 72 36 20 86 35 59 7 42 96 70 60 49 58 62 38 15 19 77 32 13 36 47 0 53 93 30 28 43 87 
69 11 59 57 32 98 92 43 5 86 40 28 46 41 86 8 79 1 79 56 85 44 44 32 44 50 77 74 30 21 14 99 32 25 56 16 23 0 60 81 87 52 9 85 93 95 94 72 96 25 80 33 70 24 66 14 26 43 41 56 16 7 55 1 32 63 17 8 16 29 89 55 81 98 40 74 93 86 98 41 12 78 74 82 55 92 48 81 88 89 38 4 96 45 57 81 61 75 89 77 
4 78 32 86 76 72 12 21 11 11 14 23 89 88 5 96 33 5 78 21 95 16 77 43 61 35 24 22 62 65 51 66 95 83 4 23 8 69 44 19 80 58 94 21 99 99 18 32 56 96 53 51 64 30 47 77 17 23 52 79 89 3 98 36 39 2 60 99 23 4 18 3 15 64 77 14 15 47 46 71 95 51 75 59 33 22 36 51 97 40 30 38 44 28 75 35 83 35 34 6 
39 4 62 6 68 39 20 83 38 18 54 33 69 29 92 55 3 80 6 1 21 36 39 17 17 14 52 0 1 38 58 41 42 20 47 62 11 20 97 49 38 51 82 60 33 26 15 88 59 73 89 32 61 81 49 78 47 53 30 49 43 41 42 37 61 41 99 25 61 96 74 52 99 9 64 84 87 31 73 46 4 14 78 65 95 79 96 95 84 78 44 79 19 38 16 33 79 15 58 93 
63 84 45 15 45 61 99 33 92 72 31 96 87 62 13 34 41 61 29 78 92 25 57 11 63 26 96 43 93 54 36 57 91 33 72 36 94 71 69 86 96 1 34 35 15 99 69 56 13 51 86 5 76 96 16 92 22 13 87 15 19 75 24 10 8 48 99 54 72 68 92 68 21 78 3 36 77 24 45 90 75 83 47 4 31 16 96 53 81 83 21 0 10 97 63 18 46 62 24 18 
82 16 38 56 94 41 44 23 17 41 66 93 77 13 49 8 29 45 14 10 80 87 63 90 84 78 60 30 40 84 0 74 52 38 82 46 31 27 69 49 20 87 94 97 1 43 58 82 40 72 45 72 59 60 62 43 38 22 26 30 58 78 4 10 17 39 8 0 18 29 1 38 17 47 88 18 90 46 52 82 18 97 54 29 57 68 24 47 90 50 77 0 81 34 62 98 73 70 50 91 
0 52 81 17 99 69 87 42 15 39 76 85 89 31 14 46 99 39 46 42 41 23 94 74 57 57 72 82 27 75 25 27 79 7 44 30 76 83 24 44 23 1 29 12 84 96 10 83 87 56 77 80 32 72 55 41 29 79 24 8 6 49 36 85 56 32 16 85 16 40 81 91 93 62 3 77 58 65 61 97 74 90 30 6 62 85 99 43 16 23 52 23 25 40 8 33 72 76 70 40 
69 51 31 62 14 86 40 24 4 53 22 78 43 52 36 58 89 35 53 5 11 57 28 36 97 89 21 22 65 92 62 86 43 46 49 9 32 41 34 36 94 56 66 89 60 54 99 49 90 53 6 1 10 35 89 60 76 62 82 93 54 96 80 50 94 81 59 79 22 93 67 68 1 34 57 61 88 9 10 30 62 17 83 24 4 24 84 32 87 18 25 41 67 57 43 61 38 3 40 12 
48 8 80 50 94 90 11 82 99 74 13 61 43 48 37 99 73 22 31 60 92 8 53 59 66 97 21 56 52 13 69 0 21 1 2 15 91 66 50 90 92 15 3 35 63 41 86 36 15 69 48 7 77 2 67 95 51 40 4 3 53 25 55 27 26 58 94 18 24 96 8 16 11 12 3 27 53 41 15 20 10 64 27 39 18 46 87 69 86 91 72 92 68 27 71 94 37 17 64 61 
14 73 29 77 37 84 56 42 25 72 62 35 88 89 27 6 88 14 75 74 57 99 18 25 26 41 71 64 59 36 77 25 61 59 54 98 43 11 92 69 35 54 56 23 95 83 81 83 97 8 10 54 7 80 31 33 22 3 49 33 91 79 58 52 38 64 2 81 75 94 2 10 0 59 85 47 42 18 83 40 26 45 46 33 25 30 19 99 33 20 84 24 99 94 28 89 59 30 23 34 
24 25 97 24 84 34 71 79 53 6 19 31 51 17 65 77 47 36 28 32 56 13 8 8 7 36 97 18 66 20 5 90 98 2 66 34 88 90 13 93 96 84 25 48 2 90 77 1 26 5 34 34 70 42 42 30 79 40 48 45 12 53 88 62 7 54 97 48 96 62 41 93 47 66 41 49 8 70 2 86 75 36 21 98 79 63 28 10 55 28 55 20 34 43 82 41 50 31 89 46 
94 83 91 41 49 84 42 58 54 44 44 82 81 17 80 12 81 60 22 36 88 77 8 22 73 91 16 75 22 57 73 16 40 65 9 90 49 51 0 4 96 96 86 29 66 18 41 47 30 63 35 18 92 44 93 17 87 9 44 61 18 18 78 59 83 39 1 32 91 53 88 39 1 26 68 67 96 61 14 26 76 2 45 20 98 90 90 85 99 34 46 69 52 76 28 87 16 29 20 59 
34 60 98 36 87 18 3 83 79 70 10 55 24 7 27 22 97 17 7 48 52 5 17 56 82 98 44 98 27 16 57 14 76 7 50 15 25 5 51 56 27 61 11 51 20 90 73 69 8 32 69 60 38 86 68 72 84 12 22 64 28 31 30 5 38 80 72 63 37 23 19 65 36 82 16 56 72 90 77 32 74 46 44 64 85 13 36 69 25 58 85 6 89 15 63 27 47 35 42 85 
59 13 50 95 47 18 4 72 8 81 4 35 28 1 99 65 14 36 86 91 94 72 97 36 39 60 15 39 96 58 76 7 23 26 2 71 96 58 95 5 92 51 92 72 52 91 37 66 79 23 58 74 47 7 62 39 68 77 78 64 87 54 71 11 32 25 34 28 36 29 85 28 32 29 0 85 21 89 3 0 12 13 26 60 21 40 99 89 18 29 5 5 35 28 16 19 5 2 99 41 
83 37 21 16 66 73 53 39 62 8 40 75 22 18 35 43 59 86 84 29 15 41 34 2 69 3 21 26 57 20 20 41 57 41 9 24 15 62 63 77 70 55 4 44 26 39 39 37 77 23 66 44 64 52 46 85 55 67 64 13 88 84 6 97 25 15 73 92 29 37 70 99 44 74 44 70 66 83 59 95 59 25 40 75 78 86 13 85 6 77 50 46 61 56 43 38 23 17 31 52 
6 1 4 50 27 0 73 45 83 84 41 94 10 81 70 40 19 35 77 25 12 80 71 25 88 67 63 12 84 94 64 42 47 20 92 75 20 17 72 56 2 13 50 64 46 72 56 66 7 33 43 71 13 15 96 2 82 12 66 18 6 82 60 54 3 4 81 23 74 53 79 76 19 82 92 65 54 48 31 14 33 75 85 99 42 34 1 76 98 67 94 4 1 6 10 4 10 43 28 36 
49 59 64 68 41 56 33 96 56 17 62 90 44 99 89 38 33 42 14 31 61 60 88 62 66 50 67 28 46 47 65 95 6 81 63 0 38 48 48 94 17 10 36 61 9 77 99 95 19 65 78 80 77 18 95 43 69 62 24 15 61 41 62 19 22 25 19 12 25 67 59 43 77 95 56 39 25 8 34 44 25 64 77 3 83 24 98 52 86 22 19 99 15 81 18 90 58 38 2 35 
5 13 78 35 9 87 74 34 95 60 30 20 24 59 75 7 83 74 11 21 48 82 20 64 63 39 6 73 29 8 9 86 22 39 73 83 26 47 69 73 59 51 46 36 63 21 95 46 47 7 20 96 41 40 12 57 31 18 30 12 78 91 99 52 31 72 87 9 72 8 83 83 60 81 19 23 54 15 21 2 74 41 98 15 34 10 24 65 80 7 30 58 98 29 11 81 53 50 91 77 
59 26 61 19 59 32 94 13 99 67 15 25 9 65 93 43 27 17 60 7 24 42 66 23 23 29 4 77 31 47 6 90 73 19 61 84 52 7 98 3 75 65 29 84 31 22 79 58 39 91 66 64 34 84 39 57 65 95 86 96 43 93 39 68 64 0 53 16 8 3 20 83 68 49 19 51 23 50 62 62 93 80 78 27 64 17 37 81 65 23 29 8 68 68 28 33 69 33 1 29 
88 73 12 9 74 83 60 97 85 22 60 78 2 38 58 18 8 95 99 73 70 81 33 91 49 13 76 18 99 77 47 87 3 11 96 77 46 9 75 31 31 87 10 86 77 68 4 85 15 56 10 85 37 95 28 86 9 4 57 60 34 56 47 37 20 96 14 66 57 41 50 88 28 60 74 6 80 31 43 47 87 6 32 76 1 13 62 62 17 71 22 3 28 22 40 48 70 55 66 27 
48 16 67 77 28 94 35 8 77 30 55 64 88 40 40 90 5 54 4 74 26 79 78 6 53 18 6 23 25 72 2 74 41 21 3 69 15 38 30 92 20 37 8 9 29 0 51 34 55 55 9 33 86 87 91 39 57 97 14 83 69 16 57 10 38 60 32 5 50 62 50 70 51 10 31 81 11 82 67 18 90 28 3 76 67 94 68 25 91 82 60 12 51 17 75 41 29 7 46 31 
21 48 53 72 59 85 5 70 19 73 40 61 1 43 90 21 37 58 46 80 40 6 92 91 75 67 84 56 74 31 87 47 31 40 20 90 77 77 12 97 2 4 58 56 47 48 77 36 6 23 16 99 81 9 42 8 76 27 64 3 10 51 50 41 43 22 84 21 52 48 18 54 53 28 10 52 29 87 89 35 62 5 86 95 14 29 3 43 8 67 98 18 70 0 11 14 23 47 35 27 
96 5 81 1 33 92 53 62 31 42 50 46 0 88 41 14 69 97 9 77 64 7 47 87 8 59 1 83 6 88 10 54 93 43 55 78 87 61 41 19 3 43 17 3 31 58 70 1 55 31 30 72 91 78 59 51 89 12 34 95 52 96 2 45 91 9 75 79 70 68 50 74 11 67 29 95 25 51 96 33 83 26 5 74 56 16 25 45 80 11 93 32 59 95 29 50 4 4 81 27 
73 31 53 84 98 82 79 76 86 27 9 69 6 66 95 62 34 72 8 14 35 1 98 94 48 27 96 4 31 78 31 56 61 84 93 60 19 24 36 5 52 97 26 10 63 73 72 97 45 32 63 80 85 61 26 33 40 74 38 23 4 21 80 66 58 73 78 77 97 14 34 1 11 12 11 26 85 36 75 30 68 38 62 54 51 40 39 91 66 29 14 23 51 94 89 9 67 19 38 17 
33 72 18 96 84 30 74 21 66 49 3 86 87 65 92 90 57 32 81 75 61 95 98 64 42 87 73 61 58 63 78 43 35 97 39 71 79 13 92 45 14 95 83 1 12 76 91 21 8 24 97 21 72 95 38 66 35 11 27 93 75 58 37 62 7 28 86 86 94 30 83 8 78 66 62 42 42 5 64 2 82 13 76 54 60 14 20 95 77 99 41 52 57 30 67 64 58 53 50 4 
35 33 13 13 52 27 56 94 84 72 49 66 85 25 20 45 91 92 93 68 92 34 73 49 64 92 14 74 45 16 79 32 2 44 46 54 71 2 0 55 74 1 74 11 78 94 56 69 39 49 38 31 35 63 80 99 55 46 26 52 15 5 84 17 49 30 23 72 84 75 79 58 77 53 69 55 0 78 77 39 79 67 22 15 30 2 66 85 1 92 89 68 97 73 37 98 56 60 70 40 
35 50 51 64 55 72 72 7 50 49 46 30 16 68 97 98 23 63 35 76 8 24 44 5 97 81 56 53 93 26 46 80 28 97 45 36 69 69 43 20 18 42 2 86 62 99 84 85 14 19 13 22 95 9 80 92 90 88 98 35 14 96 16 95 93 13 83 62 82 26 34 52 20 88 38 83 39 74 20 54 93 86 28 40 95 60 32 38 48 82 73 15 78 41 62 23 54 45 38 88 
23 72 40 96 61 78 79 52 4 51 6 97 37 87 37 33 99 22 23 48 56 96 15 87 38 77 10 44 74 48 33 49 73 73 45 86 4 76 38 8 28 97 58 17 84 47 2 83 21 25 83 30 74 98 17 64 27 79 8 53 28 93 3 53 19 0 39 23 77 77 83 57 26 41 74 10 41 29 46 62 54 81 92 28 32 61 92 11 41 53 65 21 98 68 74 17 20 13 40 97 
42 24 6 69 17 33 31 58 62 29 73 16 63 65 97 95 27 41 6 20 46 23 41 45 43 15 62 64 80 55 13 74 79 20 95 48 53 79 7 67 8 32 35 71 97 32 18 76 26 77 48 72 0 89 17 44 56 32 60 36 87 73 63 18 45 58 66 50 37 25 17 98 57 53 21 7 37 92 35 63 69 84 36 21 73 5 17 30 37 77 18 76 51 81 94 96 92 61 47 81 
86 16 79 44 69 53 3 7 45 38 22 66 22 10 87 96 16 5 78 5 82 96 82 85 30 28 34 74 89 33 55 28 49 87 24 71 40 27 78 85 65 52 3 88 63 90 36 79 95 14 36 30 62 70 15 44 99 49 18 40 34 74 68 84 13 92 55 53 19 85 90 37 37 93 77 0 35 13 31 31 79 20 13 93 90 80 90 41 82 8 82 16 34 50 0 47 95 55 52 66 
92 42 3 30 87 32 30 23 97 14 6 76 34 19 22 76 51 12 18 33 72 0 50 7 2 2 6 49 58 59 16 2 53 71 32 41 4 15 16 1 29 22 30 15 93 4 91 44 16 61 30 88 13 80 47 68 82 54 17 92 65 33 95 18 5 79 11 61 94 79 62 75 53 44 42 46 48 86 43 16 47 73 5 13 5 4 81 39 10 98 32 75 32 79 46 89 58 57 2 5 
37 64 32 90 61 75 89 9 13 84 26 60 9 83 25 66 39 6 5 50 5 89 77 89 20 23 30 31 33 32 36 22 48 20 64 9 95 5 71 60 41 49 21 50 84 98 68 23 5 74 25 62 15 55 51 36 30 81 67 63 65 55 37 13 75 54 75 71 11 46 83 53 47 4 55 31 3 24 6 60 50 32 22 65 39 73 1 69 6 20 85 23 75 22 36 51 28 63 74 40 
9 57 93 56 14 0 39 69 24 46 29 74 30 51 92 69 76 93 38 34 14 23 9 41 98 45 92 26 9 66 18 70 76 11 79 90 12 18 59 88 16 40 15 46 43 7 15 19 0 6 5 66 81 14 60 79 11 52 58 72 71 76 43 47 40 74 37 4 92 48 92 9 88 7 7 31 66 75 2 19 81 59 85 14 73 97 94 36 50 4 9 21 32 4 20 72 30 57 28 74 
57 21 35 45 80 43 28 47 18 30 66 51 89 3 65 14 53 11 50 3 15 11 76 48 67 96 72 97 5 1 72 14 74 7 59 6 50 87 5 20 69 23 71 58 27 89 24 32 0 74 35 68 38 63 68 5 11 40 55 68 41 27 82 15 86 93 74 89 32 79 9 1 3 33 11 82 22 35 14 74 9 49 42 99 64 10 5 75 3 12 43 44 39 77 12 77 70 86 66 2 
17 28 3 20 61 66 2 35 1 16 9 62 17 4 62 81 14 19 8 17 31 3 14 22 80 78 99 2 16 66 4 33 94 59 54 55 25 56 42 78 25 51 41 42 55 3 76 22 22 36 91 53 40 57 75 72 35 74 75 51 92 31 85 86 43 91 93 20 99 87 99 24 39 40 19 46 43 95 20 17 31 64 22 23 21 49 96 57 75 71 60 68 54 97 6 97 88 52 18 88 
39 69 64 30 9 83 29 4 30 49 21 62 65 95 37 87 44 33 96 19 56 56 87 11 6 46 60 46 98 78 34 37 47 99 68 8 34 49 12 65 50 85 79 16 80 16 3 76 50 51 96 6 59 35 69 65 81 30 12 79 60 98 17 8 49 37 68 84 38 33 49 88 70 28 4 3 44 59 79 46 10 75 53 70 11 74 87 92 4 99 24 65 98 93 25 47 82 93 83 20 
78 32 8 49 12 13 52 57 24 31 3 35 7 8 57 70 83 44 14 87 96 38 52 46 31 29 45 13 75 29 33 53 61 42 2 74 7 54 83 31 86 86 18 45 47 27 15 30 72 81 69 20 20 74 66 51 3 11 17 78 40 50 32 54 44 34 80 3 41 63 35 27 1 5 24 0 33 91 30 57 72 0 77 92 26 43 96 29 54 13 8 47 15 92 53 12 78 33 15 19 
48 2 46 1 60 22 2 93 13 84 50 86 36 79 30 62 22 78 44 28 43 52 27 11 96 80 23 74 65 90 94 65 93 92 67 53 15 21 98 80 57 48 18 94 79 1 8 1 79 52 81 23 56 9 86 52 41 9 27 7 99 73 72 44 17 91 49 32 64 47 65 22 47 83 16 26 84 24 79 16 77 61 91 33 22 77 38 63 86 17 22 37 90 47 82 7 38 31 92 3 
31 57 77 78 92 45 5 29 69 36 45 98 97 36 84 19 65 22 35 51 39 57 40 81 4 74 88 95 58 32 50 89 89 27 19 34 72 76 63 93 13 60 44 10 48 80 82 13 54 17 16 45 26 8 26 83 83 66 78 41 99 80 82 40 7 1 74 31 78 89 76 43 1 72 53 49 52 87 14 6 56 30 51 35 39 29 18 74 96 48 15 47 28 49 87 87 50 14 70 80 
55 46 23 57 19 29 58 23 16 73 30 25 55 33 60 46 63 30 20 59 78 87 6 6 36 45 93 39 59 15 19 15 61 95 24 32 24 82 56 92 55 38 69 11 71 81 57 86 11 30 97 89 17 55 95 54 1 40 45 12 55 16 79 69 11 3 53 87 86 61 32 41 99 1 4 23 83 62 9 94 44 7 36 61 62 31 67 63 24 12 28 31 29 7 52 92 11 6 32 97 
67 64 90 19 17 95 42 0 9 51 47 53 58 83 14 73 66 34 88 90 46 16 74 27 24 26 72 35 84 4 32 52 68 74 23 37 69 65 38 30 68 37 83 79 72 50 52 38 84 40 81 82 57 7 62 81 33 86 68 18 90 52 22 10 26 45 47 48 62 37 78 30 26 14 9 98 64 61 89 0 54 70 34 11 77 48 44 62 34 12 32 76 64 54 38 42 51 38 90 13 
27 69 96 54 83 5 4 99 19 93 51 73 15 85 36 44 86 32 7 72 44 91 49 60 46 87 2 49 25 93 15 53 62 11 59 97 16 63 96 87 9 47 12 24 84 48 69 70 80 28 43 76 19 44 36 17 83 39 19 61 84 34 66 46 45 25 95 13 40 91 1 49 90 65 74 26 14 95 49 46 75 44 75 46 88 11 64 71 2 35 84 86 69 50 84 14 75 31 79 16 
22 80 17 64 46 91 91 12 38 92 10 13 36 37 60 76 1 76 99 3 11 84 42 80 34 78 46 62 10 25 30 84 58 47 1 56 39 44 68 77 36 30 43 24 68 3 0 69 79 99 24 90 83 18 22 70 49 68 32 11 45 14 95 3 61 48 59 52 92 79 82 80 62 25 4 30 28 4 51 59 56 27 1 91 46 23 13 95 43 45 6 88 11 53 92 73 2 3 77 46 
83 59 27 45 36 83 27 16 40 78 75 48 5 28 39 3 51 53 50 46 50 8 35 62 62 79 87 16 82 64 14 65 76 93 62 12 77 89 29 69 19 56 17 25 85 8 80 36 61 31 83 64 39 70 78 53 49 65 21 31 29 36 49 5 81 11 70 10 53 99 79 72 55 48 49 40 57 30 29 70 13 64 86 4 34 64 10 35 29 31 18 11 19 67 68 1 31 38 63 84 
89 43 56 45 43 58 37 0 40 18 23 53 82 9 57 68 74 19 3 55 51 22 18 22 89 87 23 72 77 87 56 67 82 65 64 77 75 1 30 15 20 53 68 54 14 77 23 88 97 26 96 0 48 14 22 90 53 98 62 31 37 71 50 71 88 14 48 63 67 78 30 39 83 98 94 98 27 17 38 76 95 34 28 96 1 51 86 6 1 0 37 38 23 39 9 63 5 9 78 73 
40 8 12 23 58 58 21 38 75 12 14 23 98 95 19 99 46 5 6 99 57 95 37 33 87 98 96 92 59 27 65 99 35 30 23 94 88 96 32 16 8 98 39 7 93 58 58 91 15 16 90 24 64 79 57 51 29 6 43 89 33 61 40 20 91 63 14 31 12 98 47 72 97 38 79 42 96 90 86 63 6 28 88 70 60 97 73 89 55 69 30 40 30 23 61 73 38 27 4 50 
26 4 23 75 94 54 69 43 44 55 6 3 36 46 25 96 96 99 37 3 68 20 44 50 43 57 75 81 84 31 84 62 35 7 89 82 13 59 25 10 66 31 13 2 30 90 50 26 89 40 81 9 60 25 11 55 34 86 88 71 18 72 33 5 31 23 87 45 82 12 55 0 96 20 3 26 10 5 4 52 45 85 13 5 63 25 12 49 63 1 20 81 73 54 39 5 29 26 2 63 
91 9 63 87 29 18 65 91 24 21 43 69 6 57 27 21 34 39 23 97 40 43 31 66 49 70 23 78 48 25 41 39 86 57 78 67 75 43 58 51 64 54 21 23 63 0 96 97 39 19 46 32 63 29 98 64 99 21 43 0 98 36 39 84 45 70 3 21 13 61 72 30 67 45 53 30 45 1 79 37 21 78 69 36 7 19 0 59 40 43 59 90 32 50 26 77 20 29 50 34 
42 75 64 10 20 69 92 18 70 72 55 43 50 76 79 9 95 80 68 87 75 27 77 59 78 3 37 98 84 39 84 26 14 0 88 87 69 81 57 92 5 64 35 7 40 67 16 35 99 85 22 74 12 51 34 90 54 23 41 38 14 25 16 81 26 57 20 47 38 77 39 43 41 27 2 81 46 18 68 45 3 42 19 68 93 5 58 47 80 51 37 95 77 5 28 3 62 48 50 52 
25 42 47 18 21 49 51 67 68 19 12 71 61 31 91 54 89 2 53 21 53 42 16 30 47 96 85 62 44 88 14 69 30 62 39 51 11 90 18 79 9 82 3 22 65 94 28 54 96 81 76 50 23 44 32 23 41 18 85 37 6 99 7 88 61 98 91 73 89 61 4 50 43 7 73 8 54 1 15 2 35 43 4 58 87 37 33 80 7 18 18 65 18 77 5 31 75 96 4 16 
9 61 67 52 20 92 12 74 45 27 29 80 70 33 91 10 22 24 90 81 95 60 46 65 37 3 96 65 99 53 81 60 14 0 12 34 92 25 61 90 4 42 22 27 75 13 37 50 90 79 31 85 40 30 2 29 85 98 94 37 51 28 97 17 28 10 52 73 87 65 63 43 7 85 70 34 51 7 36 93 87 20 30 79 2 32 8 87 30 55 24 34 83 22 51 63 84 55 88 71 
72 3 14 79 41 37 66 92 44 54 37 83 74 67 14 76 99 75 16 81 30 40 15 65 62 67 80 46 74 69 69 47 72 36 78 13 73 96 57 69 51 94 5 77 61 19 54 12 94 70 94 76 62 61 41 77 80 74 75 55 43 45 54 15 33 32 81 58 81 38 79 32 85 84 9 98 56 15 11 2 37 57 31 0 70 24 77 51 98 52 58 41 49 12 9 34 96 90 92 77 
80 72 61 65 8 71 64 16 38 27 71 76 84 2 28 6 26 57 57 25 9 67 18 11 31 27 45 28 69 90 57 2 14 19 67 74 42 83 91 80 62 62 8 98 16 36 5 42 45 62 19 7 82 38 18 13 65 15 41 87 5 99 89 19 70 8 46 12 92 37 44 6 51 53 5 67 41 10 61 87 72 81 94 6 19 12 20 36 79 61 23 85 12 64 56 34 73 2 46 17 
91 91 23 94 44 28 61 37 38 75 24 63 8 18 69 27 82 89 15 62 3 91 99 67 55 55 2 28 10 48 45 1 91 69 96 87 49 9 25 88 36 1 3 44 20 24 23 54 14 39 16 69 30 67 36 85 23 90 66 85 91 11 38 82 32 86 22 34 48 47 74 84 48 77 29 20 53 52 75 19 43 43 88 25 11 77 11 86 67 29 23 58 92 61 93 25 48 15 11 96 
14 85 32 14 14 61 35 67 66 62 87 9 5 27 35 68 4 98 6 72 27 29 82 19 91 75 96 91 90 59 39 4 44 71 19 10 85 6 78 51 68 17 12 25 44 99 94 49 49 52 73 28 82 55 0 25 31 96 16 73 8 55 78 52 78 49 63 63 55 93 66 75 10 79 0 6 30 46 7 80 99 80 8 33 88 8 58 71 57 74 44 65 81 74 69 11 23 84 75 30 
77 41 5 39 72 6 46 3 4 5 83 3 86 43 88 26 52 46 97 61 72 93 26 5 68 47 17 43 32 44 74 9 37 79 1 10 37 99 65 42 4 0 97 42 43 86 68 47 84 17 8 57 11 86 62 79 34 31 74 66 75 48 27 13 80 80 75 17 79 40 11 84 40 61 78 35 99 99 83 83 16 43 92 27 30 7 58 16 38 33 34 14 81 61 79 13 42 54 83 73 
46 46 9 86 7 88 21 58 87 56 42 3 0 86 83 82 93 41 98 32 26 32 98 60 45 29 73 87 35 56 13 81 3 22 67 62 10 40 21 49 97 15 5 97 53 88 79 47 81 29 31 60 61 29 20 6 10 45 46 45 2 59 26 57 81 45 71 44 85 44 45 34 11 50 83 65 90 14 12 24 43 43 84 4 24 56 63 34 1 9 79 55 20 57 64 1 2 36 97 39 
32 43 26 44 45 9 9 36 24 73 12 19 68 48 76 92 4 39 78 5 0 9 61 72 66 77 73 20 13 23 11 46 18 37 42 63 99 51 51 75 76 63 94 44 11 70 88 67 61 66 73 13 27 86 85 45 63 11 65 29 86 28 27 4 66 69 67 17 20 71 92 48 86 38 92 50 61 80 17 22 98 90 88 77 28 25 22 92 36 39 73 22 67 0 26 85 69 46 2 41 
17 46 89 55 85 33 5 46 65 23 20 15 65 8 92 94 34 14 38 22 5 11 45 72 63 23 10 32 21 64 25 90 11 14 46 48 47 51 94 64 74 14 79 40 75 71 86 61 37 76 83 42 39 80 66 2 56 28 86 77 93 11 68 56 77 66 4 76 17 98 40 44 64 19 36 91 90 74 52 79 50 36 21 89 68 39 91 24 68 77 54 61 40 74 69 17 40 73 93 9 
23 33 53 87 52 41 31 94 15 83 73 65 71 46 6 40 85 97 16 5 26 70 18 66 96 87 83 36 60 76 46 83 9 51 23 13 93 54 59 8 89 84 26 61 30 32 53 68 82 21 73 8 44 92 27 40 79 10 29 92 39 75 27 0 78 2 66 71 8 25 32 98 10 10 11 92 42 16 60 24 89 86 85 33 78 64 26 9 26 55 1 65 82 81 18 60 83 84 32 92 
61 16 42 23 26 53 16 20 21 76 45 10 62 82 44 92 46 22 2 24 77 55 90 59 88 60 71 72 96 55 16 57 71 58 81 49 63 97 70 84 25 67 94 40 49 90 32 47 12 86 71 41 42 13 0 82 25 72 54 21 79 70 31 51 80 12 0 43 61 70 27 38 37 22 78 38 64 11 37 77 97 61 18 91 26 71 74 52 95 80 25 74 3 56 77 83 20 30 79 81 
0 6 72 90 80 50 80 45 13 70 74 11 31 92 54 57 15 80 61 62 13 87 37 16 43 66 51 64 96 30 97 49 89 69 39 69 72 71 66 85 41 40 48 24 85 3 82 0 35 95 15 48 82 52 16 78 70 20 94 67 50 43 16 39 13 7 61 37 30 27 22 72 68 71 96 53 26 30 5 61 26 20 62 60 24 78 90 95 98 84 14 1 28 82 92 93 89 53 30 19 
81 52 43 1 75 92 54 1 74 11 63 0 84 77 13 8 7 3 55 6 40 21 59 20 3 51 13 92 5 95 64 38 99 59 39 75 51 45 28 26 56 43 78 92 20 43 53 28 99 8 86 39 82 45 59 85 48 24 30 5 71 46 43 70 5 82 97 9 27 26 87 36 69 65 28 42 61 81 70 60 42 56 99 24 53 10 9 1 34 91 7 5 37 50 27 43 85 77 52 64 
55 39 0 24 56 81 18 17 14 88 29 56 44 28 32 97 90 94 51 76 85 58 81 23 8 61 18 45 38 22 10 93 13 62 69 69 95 88 39 10 28 68 18 25 49 3 74 91 97 25 68 34 83 1 9 44 62 27 89 52 49 99 97 14 14 19 36 9 59 27 19 87 47 90 12 96 93 39 88 42 64 8 76 48 9 86 44 72 65 33 76 67 85 74 81 51 45 17 60 4 
44 32 43 92 74 56 40 67 47 80 9 11 88 37 11 98 23 55 22 41 41 98 8 26 24 89 29 69 59 89 73 55 73 17 99 47 25 40 14 72 72 75 35 13 13 47 63 88 54 85 81 95 35 89 73 60 31 2 81 90 92 7 97 17 76 97 65 53 89 31 77 61 7 12 26 72 11 89 12 66 26 94 61 62 35 35 74 66 37 7 8 81 14 6 99 90 3 16 95 44 
47 72 57 6 85 84 30 96 25 43 62 52 89 76 66 24 11 92 91 0 99 51 34 66 57 85 8 12 53 4 56 0 76 14 7 13 98 89 10 23 32 24 27 73 52 45 98 15 37 41 16 89 92 2 55 2 39 15 14 92 19 71 92 48 37 51 61 35 41 23 10 25 0 90 51 52 35 1 68 73 94 36 62 86 38 69 40 29 36 55 21 56 78 65 56 15 69 17 2 62 
41 12 39 93 2 90 45 38 91 65 63 85 1 77 24 91 98 64 20 34 71 93 42 49 59 98 16 28 68 18 90 61 31 29 54 85 20 51 75 63 17 38 1 18 15 25 62 65 41 34 0 13 28 94 14 87 93 31 67 61 1 57 22 32 38 28 70 10 79 45 74 96 36 27 67 3 52 29 69 45 15 21 10 43 15 77 30 60 60 49 21 61 6 95 46 97 23 16 7 55 
13 33 51 1 60 70 5 64 51 26 10 67 99 72 10 14 49 93 75 9 42 48 71 1 96 17 98 19 85 57 26 50 91 30 52 51 0 9 68 52 87 78 19 86 2 81 52 52 74 79 13 69 28 36 22 24 5 20 95 42 77 74 93 20 4 97 24 4 58 92 8 97 22 79 83 24 61 87 28 87 67 94 8 47 30 30 23 36 50 70 30 80 44 23 52 48 72 76 5 30 
68 13 27 42 93 62 67 54 2 47 93 69 41 2 68 24 32 91 12 35 13 42 67 58 66 19 6 90 48 63 21 68 77 0 11 70 15 78 76 17 77 21 38 19 23 6 43 8 49 55 95 62 49 62 20 67 33 79 58 81 42 31 50 19 31 13 41 46 91 69 15 20 91 53 39 66 59 34 74 60 41 69 23 91 83 95 58 17 74 68 50 69 99 52 40 83 65 34 81 8 
3 97 81 46 50 20 13 62 7 39 22 0 61 97 91 44 93 2 13 67 70 16 88 22 20 29 5 38 63 86 46 66 83 27 13 86 0 78 48 59 17 22 59 78 20 3 75 13 57 88 32 27 56 21 1 77 2 6 15 65 93 13 83 28 93 48 14 93 26 14 4 96 89 63 26 9 18 1 74 75 42 6 55 98 79 56 75 81 63 90 98 8 4 82 36 97 82 3 42 61 
69 46 57 58 61 83 19 80 37 93 55 79 52 10 77 83 19 53 17 82 95 15 42 51 97 30 48 32 33 42 93 55 88 50 13 2 85 85 82 22 78 89 1 82 0 31 18 19 84 35 53 31 50 95 83 0 25 83 32 11 26 25 18 66 75 83 68 12 68 50 35 99 92 88 81 92 19 99 63 55 86 68 87 37 63 22 37 40 5 69 3 31 46 21 50 21 5 18 85 25 
21 20 24 13 61 58 57 80 9 72 88 96 40 27 33 55 49 22 95 54 91 51 38 37 24 40 10 81 58 95 7 31 68 31 96 81 41 5 61 51 77 1 47 17 28 80 72 77 2 20 84 45 23 74 34 47 14 96 81 24 43 88 8 63 71 4 44 13 10 58 16 87 59 63 57 88 95 81 65 49 1 1 46 24 75 80 24 89 28 5 66 71 45 74 87 68 78 31 81 40 
89 97 80 49 12 37 37 59 18 54 8 72 56 54 48 83 86 72 73 66 29 91 90 74 65 77 43 95 8 76 36 50 26 68 99 38 57 88 98 75 42 58 99 50 65 48 34 51 72 59 70 2 50 60 76 67 37 71 62 45 48 50 95 74 18 46 64 75 34 14 3 29 73 54 79 38 2 65 41 75 24 11 77 26 71 5 93 8 77 56 6 25 6 53 51 77 52 15 4 86 
30 7 67 3 62 99 93 16 64 34 91 41 98 20 67 69 26 61 30 55 69 36 80 27 41 31 56 93 98 61 32 28 20 99 83 82 50 76 51 67 63 94 8 61 15 75 30 93 88 12 48 9 48 80 37 42 63 93 35 61 54 19 42 27 19 25 61 21 54 12 88 17 7 96 30 74 24 60 19 64 73 19 74 73 99 63 15 14 8 3 75 15 22 17 42 93 95 3 15 49 
16 55 18 75 4 48 49 80 60 20 44 85 39 70 11 90 85 78 4 94 81 31 9 56 1 51 49 96 54 16 97 70 24 67 97 28 15 98 8 27 18 4 13 9 27 24 99 12 2 55 6 36 87 15 92 88 18 93 36 73 10 85 95 86 52 93 14 67 43 74 94 62 78 59 23 5 83 75 70 38 30 76 74 69 44 66 9 62 11 97 87 73 82 83 59 34 28 73 1 71 
47 48 85 78 7 9 35 43 36 5 81 66 34 55 88 78 73 49 92 84 47 80 58 29 15 69 64 43 43 17 66 42 65 52 72 25 13 60 68 49 65 1 67 51 8 7 81 81 57 26 17 4 6 27 33 21 97 49 16 92 67 34 86 84 86 59 9 51 19 29 52 36 30 20 40 90 27 21 23 84 47 41 40 5 20 26 78 69 75 46 61 42 81 48 79 19 59 88 71 78 
70 23 66 52 95 6 43 75 80 66 11 79 59 52 85 32 78 15 1 53 62 15 48 43 15 27 62 74 67 85 4 89 61 22 42 8 29 37 83 61 3 95 40 15 47 77 47 25 93 0 30 7 15 78 50 30 57 64 56 25 2 60 14 15 83 8 23 64 45 7 25 1 2 17 68 1 95 15 78 40 67 8 47 83 39 97 65 96 13 22 73 67 34 40 82 69 48 6 33 46 
13 10 47 67 28 67 68 75 82 46 15 49 6 62 84 45 11 2 42 76 24 67 44 58 7 26 28 8 84 13 54 49 24 53 16 4 20 84 79 54 82 94 55 89 8 92 34 19 94 28 47 18 48 91 28 55 70 8 15 54 74 21 4 50 26 72 54 98 57 85 52 91 31 60 80 39 52 67 10 98 47 57 68 95 1 48 3 71 57 18 77 83 92 81 33 18 54 39 17 63 
24 21 6 7 33 87 46 37 6 8 35 53 17 3 1 18 52 4 89 61 74 19 44 66 52 29 37 6 68 54 21 44 27 28 51 13 67 49 50 25 57 86 78 74 41 79 45 45 35 86 58 10 5 54 76 58 83 65 16 3 19 90 99 99 70 50 12 37 51 62 62 60 0 92 87 94 24 32 39 59 18 98 69 24 4 98 34 88 63 50 43 35 92 43 34 62 45 98 99 97 
12 13 57 65 6 44 59 82 28 50 41 47 0 11 23 5 61 9 45 24 59 88 11 52 83 97 66 29 95 66 78 60 31 35 25 89 32 84 71 60 86 13 59 87 76 34 92 37 43 37 13 55 77 77 59 61 74 25 90 22 43 68 82 75 55 59 16 39 95 88 52 81 53 63 68 29 98 12 18 93 1 83 0 79 60 59 92 87 37 34 9 80 54 43 7 61 2 24 1 97 
