100 100
64 5 78 69 68 99 50 18 63 68 64 65 3 64 96 64 24 40 51 13 74 12 93 28 7 53 89 9 77 42 58 93 99 88 62 20 39 12 38 3 32 54 20 35 19 68 99 95 8 2 8 82 66 1 62 73 54 3 34 83 98 44 28 97 33 90 17 24 54 8 27 86 62 99 22 81 67 73 28 75 28 36 9 94 90 23 20 96 79 6 32 77 51 60 26 36 51 96 60 57 
4 40 44 18 39 18 52 7 91 80 34 71 69 96 18 59 19 38 55 50 44 87 27 95 0 6 83 3 54 44 60 10 84 4 28 75 22 80 34 66 13 69 89 82 65 7 93 36 45 48 87 42 88 66 89 40 24 73 43 78 69 3 88 53 60 17 80 34 49 15 0 14 84 42 96 1 49 89 37 47 90 76 89 30 43 30 70 67 55 65 98 24 68 86 29 28 3 10 63 5 
25 15 19 61 57 68 62 59 9 51 6 51 28 47 33 23 77 55 42 33 20 40 9 89 27 39 69 82 49 84 39 26 0 11 87 9 31 1 68 40 52 74 44 32 73 77 7 3 85 2 36 5 94 97 46 21 36 16 56 85 52 47 63 52 58 50 14 41 51 82 82 56 9 78 40 34 55 0 37 40 2 25 98 96 23 44 70 59 12 78 97 17 77 60 69 36 63 35 77 66 
18 11 22 79 89 15 13 97 15 51 89 69 76 39 65 51 36 87 11 0 17 60 17 95 20 87 83 83 74 12 50 92 24 24 23 65 39 89 14 6 40 56 75 68 95 93 72 31 32 83 32 50 43 49 45 15 88 80 51 63 92 53 7 68 77 83 34 69 72 0 75 64 56 3 84 4 48 56 87 32 91 19 82 86 21 79 2 61 59 5 76 52 58 36 72 35 19 6 56 43 
59 32 59 67 87 43 23 87 52 11 19 43 82 54 30 3 33 84 17 45 89 45 49 47 81 21 34 52 80 91 47 39 75 6 58 14 50 82 1 54 93 20 97 75 74 79 31 60 15 0 57 56 45 6 3 79 27 90 31 7 33 31 98 8 37 9 74 39 91 75 93 36 47 91 63 74 22 46 86 38 46 43 94 44 49 50 23 28 92 6 36 25 37 86 33 75 47 7 66 38 
34 60 26 33 3 42 7 25 88 93 15 87 36 10 31 37 12 6 66 4 12 54 29 2 92 14 29 40 73 95 30 7 55 57 40 10 99 0 36 39 45 51 26 82 13 9 19 25 67 37 29 32 91 10 34 84 24 15 24 49 10 54 56 18 63 49 28 14 1 16 6 46 20 84 80 33 94 0 59 13 89 40 45 81 51 31 17 27 46 41 77 9 47 85 79 63 86 59 77 87 
76 83 34 96 20 14 81 14 66 92 79 56 33 25 89 36 8 6 15 55 99 92 16 98 78 47 61 64 6 91 4 34 26 90 82 46 56 64 12 23 56 92 31 41 69 72 29 77 78 45 84 29 37 52 27 67 99 89 84 6 32 40 92 10 30 75 57 86 91 21 61 99 13 92 93 34 64 22 64 94 19 48 23 9 1 51 76 52 92 12 10 76 52 3 86 82 30 43 21 21 
17 82 20 30 27 65 17 91 88 81 38 7 81 61 68 34 64 45 87 8 9 97 84 62 52 23 96 82 18 69 3 35 52 76 18 79 41 35 22 81 68 12 41 49 74 9 84 90 6 23 51 16 20 87 30 73 10 78 7 29 48 11 64 52 39 82 31 32 69 5 66 37 18 59 87 44 68 23 86 27 46 37 95 18 25 25 91 35 55 51 16 3 62 81 55 53 15 38 37 85 
96 3 74 66 62 13 62 83 36 48 10 82 38 5 1 15 82 44 2 37 95 19 93 9 52 0 14 67 39 52 4 87 55 31 53 70 44 15 53 81 15 15 15 5 20 68 20 54 65 23 91 60 42 36 22 46 37 36 65 28 40 22 15 96 53 20 18 97 87 71 30 2 86 46 60 58 14 80 64 79 3 7 92 97 44 66 95 81 54 61 9 95 83 24 43 36 96 61 85 83 
32 16 85 70 62 45 80 28 78 44 60 33 51 4 31 95 70 78 28 76 39 37 71 74 13 14 10 9 75 96 92 59 64 30 81 78 27 61 58 5 5 18 39 57 74 22 4 96 0 33 73 92 22 44 66 36 11 29 97 86 77 90 98 41 72 79 19 51 41 29 57 98 48 48 7 74 22 12 23 74 97 96 18 19 92 85 7 3 66 5 42 43 47 40 36 71 19 55 22 12 
84 31 11 84 31 18 11 53 82 34 80 79 82 98 99 26 35 58 82 1 63 24 44 62 16 80 33 87 87 8 0 24 39 11 60 71 81 71 76 64 57 56 95 91 7 46 18 42 5 0 96 20 24 92 83 92 25 68 79 12 76 79 88 68 42 1 39 76 24 15 40 82 24 87 73 83 34 91 25 39 43 73 59 67 66 94 11 91 15 91 55 91 22 44 11 17 45 50 93 69 
18 85 3 94 72 29 77 6 20 54 45 64 28 57 83 46 3 95 37 18 38 92 62 60 88 73 29 85 76 22 7 46 59 62 92 84 91 69 90 64 75 88 80 55 97 63 1 0 10 90 19 0 83 81 61 23 54 42 61 82 65 68 28 76 30 20 60 74 41 3 38 17 91 18 24 88 33 26 40 44 16 59 44 51 92 57 27 99 0 88 81 17 8 10 45 90 82 6 64 24 
9 2 93 52 20 17 92 54 43 32 50 12 44 46 63 36 4 90 35 56 30 17 25 38 79 70 29 61 28 93 37 37 96 30 89 68 0 33 74 95 66 24 7 10 23 23 98 27 65 34 35 96 51 12 34 82 82 63 95 11 57 33 0 5 15 42 25 15 75 0 63 41 76 70 3 99 45 2 78 11 88 65 7 91 77 41 73 12 57 68 75 66 53 75 23 69 69 48 36 45 
0 99 38 77 22 94 76 67 48 7 78 36 72 85 27 2 79 0 14 36 20 89 2 74 16 25 95 38 25 31 83 26 83 73 3 5 19 31 72 67 90 3 3 63 40 82 65 19 82 31 7 55 20 61 81 88 38 76 26 64 59 61 42 42 87 97 99 6 28 24 74 71 27 29 34 19 12 51 91 46 82 98 53 54 12 34 42 2 62 21 66 22 34 60 16 21 57 16 80 38 
40 6 9 19 87 95 38 99 46 29 98 28 80 51 82 44 38 76 46 0 49 65 22 84 25 39 57 83 55 89 73 47 95 82 66 83 77 56 34 23 86 84 3 18 36 37 62 74 13 8 26 15 73 49 51 99 40 60 34 95 50 7 94 97 89 12 32 18 68 67 93 54 51 96 24 39 33 86 65 98 95 92 65 20 93 16 71 33 77 5 80 27 64 74 24 5 86 9 23 54 
76 16 61 79 64 85 71 49 24 88 0 19 32 65 91 25 82 63 10 59 20 90 38 85 16 14 90 2 23 66 9 51 82 22 83 99 59 54 48 83 94 48 54 27 66 46 4 48 61 15 59 81 57 49 66 74 63 57 28 39 23 89 90 57 11 73 8 71 79 57 6 26 57 61 53 23 59 9 23 20 76 82 1 34 31 68 8 47 77 88 38 52 78 28 61 89 54 70 12 85 
79 19 11 88 32 16 64 91 78 87 11 54 22 64 88 5 84 48 52 13 37 90 17 15 71 79 56 77 1 21 14 32 40 26 20 24 94 36 15 72 24 78 27 46 94 67 3 79 16 56 44 53 98 62 20 21 93 76 50 94 97 65 26 89 91 98 13 37 35 80 62 11 10 89 9 5 8 12 36 24 20 80 29 19 42 49 92 35 26 43 81 23 8 59 65 51 10 78 40 97 
11 2 8 21 43 17 78 52 29 14 76 50 47 58 21 89 7 65 77 33 8 10 9 68 70 74 19 32 4 60 29 15 14 37 89 58 6 67 62 87 34 90 37 81 48 10 22 56 76 51 89 36 62 50 5 84 24 76 16 81 88 97 48 3 86 37 13 92 57 75 79 91 65 69 24 14 79 46 22 7 98 11 96 12 14 1 96 90 29 64 71 18 61 20 73 47 9 38 39 18 
13 70 9 30 39 33 96 71 32 18 30 30 82 26 42 96 27 90 38 9 54 10 79 67 82 52 14 43 42 5 62 7 27 23 37 67 9 86 90 41 56 20 71 90 47 65 38 26 55 77 35 61 87 14 28 21 18 94 16 60 99 78 67 78 54 57 45 63 95 87 4 51 8 27 42 55 92 80 33 99 57 69 60 96 35 40 69 6 34 86 66 85 16 86 63 70 95 61 33 90 
48 89 93 56 16 35 63 60 68 97 11 77 18 23 26 53 63 95 59 97 33 78 82 50 16 46 72 63 7 58 53 55 47 98 64 16 34 27 28 54 76 40 31 94 63 57 0 27 5 11 24 90 41 59 40 57 57 65 20 64 23 25 71 22 24 35 38 10 15 67 64 43 59 47 38 22 57 90 1 62 1 78 52 43 37 45 52 94 62 73 10 85 50 81 7 74 69 98 84 36 
17 0 79 76 48 69 98 5 11 52 67 65 30 71 8 67 68 12 13 30 85 75 15 88 8 75 62 77 25 47 65 42 99 97 70 47 66 68 52 30 72 71 95 2 95 55 21 63 67 86 94 5 61 61 93 70 36 55 99 13 54 65 55 54 62 25 53 80 46 6 62 70 29 57 73 24 12 46 88 80 33 82 37 94 95 30 64 84 37 64 97 44 81 5 50 95 82 3 27 80 
61 90 51 91 47 76 15 12 22 55 92 55 89 81 50 85 11 14 69 0 30 66 44 11 23 94 6 6 98 34 86 11 24 89 2 23 65 70 35 88 25 79 43 67 60 93 52 23 60 73 24 90 91 68 54 15 15 60 21 65 46 59 76 22 1 79 46 66 1 81 54 78 61 50 45 73 95 49 97 55 22 21 98 14 41 52 81 56 64 54 73 63 65 50 85 66 81 31 33 82 
65 39 60 78 41 58 51 37 7 48 44 82 21 42 48 63 46 29 71 63 83 45 26 0 47 11 67 28 95 52 10 12 43 22 90 85 80 41 22 40 42 18 22 15 61 22 30 59 51 2 74 86 99 0 86 46 64 5 74 11 57 36 23 1 58 13 38 91 6 12 31 0 30 5 16 43 27 46 3 30 0 77 68 99 30 6 97 94 12 23 57 21 11 80 74 22 45 12 13 3 
24 96 4 55 1 20 98 80 18 53 10 19 31 78 70 13 36 20 7 48 95 16 70 7 96 44 29 93 9 94 96 33 90 0 88 43 72 39 23 43 92 85 14 75 15 84 88 51 56 47 0 52 63 22 59 11 18 40 4 27 34 1 61 24 53 1 19 78 40 42 21 85 27 35 60 94 71 49 45 28 96 97 80 12 19 91 23 90 31 28 17 17 81 30 93 34 32 12 12 24 
54 85 9 33 20 70 79 92 71 24 72 19 22 4 31 93 95 55 83 78 35 53 47 16 83 40 2 67 52 15 44 58 52 53 43 73 75 22 17 98 46 89 18 20 93 1 66 40 56 1 18 43 54 17 59 90 57 62 9 61 29 53 19 81 59 62 6 86 36 23 37 82 12 55 55 57 8 21 97 65 74 67 8 81 84 20 71 93 34 32 54 63 38 73 96 97 87 55 35 23 
78 72 58 43 79 65 52 88 38 50 5 12 69 65 93 6 85 16 99 71 49 54 86 87 79 83 36 19 90 71 94 68 96 4 63 27 69 16 15 7 18 72 72 87 38 65 93 75 34 45 99 83 99 85 22 30 20 58 49 10 81 96 79 29 0 94 57 70 10 24 29 80 97 1 68 87 19 13 14 5 58 13 88 9 99 62 40 19 72 41 30 5 37 61 35 38 7 92 60 70 
68 89 50 17 43 70 4 14 84 71 19 94 36 59 56 35 73 96 7 45 89 89 50 79 2 85 17 9 29 29 31 50 70 82 67 65 52 24 79 88 95 50 35 31 61 91 19 34 39 78 31 28 67 82 59 21 19 28 82 1 57 14 51 28 96 70 93 0 94 25 41 89 27 76 73 89 19 92 75 58 70 7 38 89 41 98 10 12 26 92 13 84 6 16 64 54 87 9 7 81 
34 48 23 14 24 96 3 95 88 30 53 10 89 91 99 30 41 61 43 20 53 8 56 12 77 20 18 64 29 25 97 16 73 72 30 49 68 85 44 8 67 49 18 57 93 69 87 34 30 82 6 36 43 62 0 20 82 18 36 64 44 33 80 69 6 62 71 26 47 67 35 14 17 5 23 62 75 11 48 5 45 55 93 88 17 93 8 0 12 44 64 8 30 96 29 88 58 0 66 57 
20 1 23 89 59 47 51 34 10 99 91 55 6 85 96 24 78 56 24 90 1 40 50 83 88 80 23 98 32 89 55 52 43 30 41 2 29 44 88 39 96 79 47 2 64 95 26 95 51 2 37 4 94 88 39 82 68 62 32 0 4 87 5 47 70 98 1 99 95 89 91 91 68 90 93 85 85 72 80 88 26 17 93 21 57 32 55 25 47 88 78 51 27 35 50 49 33 51 49 80 
92 92 71 12 34 17 97 71 41 29 59 67 99 4 40 8 37 48 34 36 36 64 87 15 51 89 65 36 40 66 17 84 10 88 96 44 57 46 15 98 27 26 66 78 31 6 87 20 6 73 56 94 89 43 10 40 32 27 76 24 45 93 60 55 34 56 51 91 54 18 42 34 44 8 12 75 66 99 95 73 24 3 19 13 46 29 53 30 8 82 6 5 27 66 12 61 75 63 5 81 
33 47 15 78 7 28 5 25 79 53 50 4 56 70 17 55 51 23 85 12 5 44 17 32 62 82 46 37 97 3 19 31 50 86 9 9 66 66 86 46 19 89 2 28 59 19 83 62 94 20 26 99 64 96 32 27 78 30 16 75 33 87 6 35 74 67 44 40 34 82 38 5 71 40 33 82 12 16 45 6 89 71 58 53 67 42 32 97 72 1 73 5 88 79 40 14 47 36 7 33 
70 45 38 42 38 72 24 50 40 21 8 29 45 66 35 64 8 67 62 80 68 35 37 9 66 29 23 65 17 82 98 88 28 89 82 18 13 58 20 5 80 28 35 77 95 22 41 55 89 55 88 10 42 25 71 9 7 46 26 24 29 77 12 57 66 46 27 31 5 47 36 85 75 71 14 22 93 55 30 35 63 18 97 5 95 20 66 2 66 93 27 95 22 91 4 88 38 31 19 43 
78 55 80 6 79 94 28 24 1 58 11 64 28 60 22 24 80 88 26 47 33 53 94 55 97 99 95 35 30 66 30 61 74 10 67 53 56 47 29 9 58 93 26 86 53 48 10 86 88 89 85 74 42 79 81 91 78 77 26 61 43 8 22 17 18 41 22 26 88 4 36 98 97 62 85 2 62 47 40 50 36 25 76 31 57 58 22 35 35 1 48 30 9 22 0 80 63 74 6 4 
78 42 2 27 56 87 82 18 35 22 21 23 0 49 54 57 7 77 44 94 78 45 25 87 67 77 67 31 51 26 35 82 68 37 9 77 77 43 47 12 66 20 87 18 70 42 27 77 19 71 72 49 16 49 36 84 26 56 67 77 82 2 59 2 91 21 79 68 64 79 32 82 99 20 52 69 62 79 99 33 3 71 82 71 20 70 7 98 26 74 75 8 28 87 63 20 60 94 40 76 
73 73 59 73 45 63 94 59 43 93 92 46 64 26 69 36 96 77 34 23 51 62 83 32 1 98 4 61 93 44 37 66 69 48 91 14 12 86 73 7 79 65 5 96 91 74 32 40 51 19 15 55 33 50 87 34 49 91 47 42 87 36 60 57 85 52 71 49 38 45 56 17 62 61 13 6 87 98 46 39 69 61 46 54 11 85 88 60 76 87 54 15 75 15 72 60 67 44 61 57 
41 69 74 55 82 40 61 70 90 59 61 59 20 7 13 84 44 53 96 72 92 51 87 67 18 60 80 37 56 93 94 97 63 68 52 45 60 14 67 50 73 28 61 46 87 26 82 31 31 78 3 23 81 91 43 99 3 23 36 59 16 30 56 31 51 60 77 63 26 44 66 52 25 27 98 12 6 80 96 37 10 51 13 92 94 56 43 97 31 32 56 99 14 64 31 65 25 60 81 51 
56 47 3 81 26 53 46 32 85 94 70 96 45 35 40 40 43 83 37 74 15 46 25 30 10 56 47 35 68 28 39 25 27 42 6 54 48 4 86 33 98 8 29 44 43 69 36 86 5 73 12 20 19 38 2 82 46 50 17 15 30 8 40 58 51 98 12 51 55 50 84 5 59 66 1 54 87 37 93 92 63 5 13 82 95 67 64 94 69 34 9 0 42 1 58 45 51 22 96 58 
72 33 64 83 99 65 38 86 3 31 79 66 88 44 0 36 11 17 30 33 3 91 33 45 44 43 43 47 17 39 6 89 72 70 73 23 87 63 10 42 46 41 60 34 37 13 22 0 30 4 33 33 95 66 30 91 61 73 39 78 65 45 68 89 67 93 13 54 8 75 49 54 16 9 40 5 22 63 5 4 67 39 89 15 57 20 6 71 45 97 49 10 42 69 0 61 14 65 68 22 
40 17 76 8 78 17 13 1 32 70 57 51 61 47 18 71 19 77 42 64 74 91 27 69 61 27 30 75 92 98 50 84 67 26 92 46 95 57 99 79 79 56 31 41 55 1 12 74 78 54 91 53 97 18 22 10 97 4 86 41 55 88 25 22 14 69 68 62 78 19 41 57 28 24 98 83 26 62 10 4 68 53 9 66 71 83 76 68 88 14 9 43 2 86 17 69 55 38 31 33 
57 24 42 85 49 93 21 75 7 83 79 76 36 89 42 7 72 70 27 12 37 88 7 91 74 77 60 81 15 43 66 24 68 8 62 17 53 83 92 61 66 23 37 54 64 31 13 89 53 40 1 90 28 61 82 54 38 94 35 5 38 1 29 6 61 91 75 15 26 67 76 44 42 65 98 7 96 11 96 49 51 49 40 31 10 74 37 0 68 72 5 58 25 35 64 87 78 91 54 5 
58 30 49 53 95 0 60 43 11 56 92 15 57 84 98 20 10 36 20 79 60 78 37 86 13 54 25 43 45 79 0 56 9 50 9 56 2 69 99 13 77 91 80 34 28 79 6 38 67 27 17 27 5 7 13 70 13 38 65 58 17 66 66 78 16 75 34 70 96 33 83 73 77 64 60 5 95 18 95 62 45 65 41 2 72 7 24 85 97 90 95 15 56 62 45 24 89 32 94 86 
65 29 11 94 45 23 51 40 42 47 54 39 12 48 42 36 55 66 73 52 56 68 19 64 82 65 88 72 97 34 58 14 64 21 61 9 45 12 2 87 59 8 26 23 56 20 59 63 39 32 16 47 53 35 12 35 52 52 7 1 87 17 68 3 39 29 64 36 41 66 75 53 27 53 76 83 74 88 99 13 20 15 12 73 2 24 9 55 29 68 8 16 38 76 71 29 5 35 65 99 
54 92 52 81 45 80 16 71 68 15 36 89 82 49 14 85 73 75 92 2 44 0 70 34 29 93 63 34 29 80 85 35 72 37 16 69 18 84 41 38 52 77 27 34 78 94 19 4 69 63 58 65 16 29 99 45 74 14 31 3 94 69 38 18 6 6 88 76 43 29 15 95 58 94 29 37 88 1 93 10 16 51 75 32 32 27 29 7 41 13 10 36 82 1 6 40 59 94 17 2 
75 84 97 34 30 79 23 19 32 68 29 48 19 56 33 52 83 62 59 25 75 69 13 9 22 19 50 82 14 19 36 41 3 86 27 33 65 2 4 97 70 85 97 90 42 30 42 77 93 1 2 20 22 67 82 97 87 32 31 53 3 67 94 6 53 22 91 70 24 48 67 47 85 17 37 79 47 79 57 92 32 11 13 6 79 47 3 18 79 34 71 82 2 17 40 7 91 83 78 68 
83 97 15 69 14 52 48 62 83 57 54 15 69 19 21 48 66 25 66 97 11 89 31 13 58 23 21 50 7 51 18 42 48 85 11 63 37 12 77 72 69 83 87 90 3 60 90 21 37 8 19 49 97 50 14 56 74 87 58 33 38 76 75 87 13 39 2 50 3 79 22 24 62 61 15 17 73 5 39 11 14 58 12 63 60 26 19 86 14 29 19 4 57 47 91 70 86 45 20 89 
24 94 65 39 7 80 56 81 86 95 44 52 5 56 15 66 34 87 52 48 16 24 5 74 71 48 44 9 94 17 50 18 63 15 9 71 96 66 4 34 13 48 86 19 4 53 85 38 92 89 39 9 13 96 35 84 44 31 93 38 48 43 9 64 59 18 35 7 84 91 41 98 39 79 69 95 84 54 85 77 95 76 86 9 72 73 45 17 4 39 55 5 34 64 69 45 35 56 4 71 
47 45 21 86 76 90 33 61 96 18 38 92 95 76 1 67 1 46 36 5 37 92 10 24 8 31 21 95 87 26 67 34 23 88 72 0 79 57 13 75 76 3 19 23 79 20 42 32 19 79 37 8 23 0 84 83 31 6 79 19 84 46 5 7 86 30 59 17 87 72 93 15 27 12 38 6 85 33 38 56 64 28 64 87 28 49 22 11 7 1 82 91 99 88 98 86 70 10 3 57 
34 48 25 62 13 63 20 50 48 59 6 12 39 22 51 19 23 74 30 30 75 13 21 27 53 72 13 23 82 68 32 16 69 57 78 34 73 51 84 21 62 42 86 1 64 37 20 88 11 2 18 39 67 92 66 20 16 31 95 50 51 80 18 20 89 49 6 62 0 90 36 62 32 74 63 49 11 35 37 75 37 7 14 57 99 32 29 67 63 77 17 66 57 36 39 46 85 45 61 85 
36 49 47 20 23 10 69 86 97 58 13 86 66 27 43 17 11 73 85 26 50 2 93 59 90 32 57 75 77 70 60 65 19 7 38 94 69 59 33 66 18 46 53 36 26 96 5 37 21 42 16 23 97 9 34 87 93 92 63 22 62 23 88 34 83 78 80 52 37 65 19 7 64 24 95 90 72 1 79 46 95 95 69 92 56 4 80 49 48 43 72 62 18 12 48 1 90 81 54 79 
46 25 39 10 49 34 52 73 87 84 19 83 31 41 75 88 97 55 89 45 50 61 59 69 73 8 70 15 89 76 95 87 1 86 50 2 20 2 28 60 38 47 43 70 88 70 10 85 78 99 82 28 61 42 97 86 50 20 54 91 96 1 78 50 87 28 4 7 83 32 19 21 80 62 43 20 85 53 58 63 53 40 43 66 34 93 4 36 13 58 27 61 59 58 11 46 38 16 6 21 
48 25 95 80 40 38 53 25 44 11 40 97 3 83 15 90 28 19 26 41 78 6 55 89 64 18 36 2 34 94 76 35 71 71 67 11 61 20 88 5 83 80 2 87 16 69 77 44 89 55 38 19 61 93 60 77 11 96 32 98 42 8 85 14 31 52 77 92 25 18 98 8 50 52 47 66 22 76 11 63 32 1 34 45 94 94 75 5 43 7 3 85 67 88 51 50 93 81 94 18 
51 92 26 1 97 74 20 71 2 31 34 34 32 20 32 78 14 7 35 57 66 39 95 85 79 98 35 24 79 29 42 82 74 21 84 71 47 4 42 49 87 28 36 71 48 68 49 14 75 84 72 93 75 19 78 7 17 13 31 49 94 26 31 20 47 67 91 46 23 85 95 10 65 31 33 65 99 34 80 26 71 4 19 98 23 97 5 92 62 89 93 9 67 77 29 66 96 73 12 20 
10 59 82 76 43 16 41 42 2 73 21 73 77 92 72 52 90 29 45 4 70 90 65 37 67 47 55 64 20 67 36 82 79 18 10 22 86 4 16 89 77 37 14 55 30 38 7 72 20 4 28 90 95 46 80 14 93 35 78 65 55 14 47 86 85 10 8 71 14 24 12 91 14 27 98 96 65 6 68 37 62 48 28 57 94 60 72 87 47 2 4 54 69 52 40 6 62 48 77 28 
25 42 19 39 69 18 35 86 76 55 24 38 3 4 48 50 16 72 89 63 74 94 18 95 98 10 1 12 59 31 40 84 73 11 75 42 81 10 80 57 65 56 48 20 60 96 70 76 20 60 92 94 54 62 42 52 72 43 16 83 74 56 19 99 67 94 93 49 4 74 58 21 30 6 42 43 54 12 71 74 24 63 21 30 25 15 82 50 58 50 33 85 6 53 84 26 47 78 75 4 
4 33 77 86 92 19 29 98 84 53 25 60 16 98 91 94 13 25 44 23 76 77 8 82 82 45 8 82 75 35 38 79 21 15 65 65 87 47 63 23 0 40 83 68 38 74 62 51 0 6 75 76 36 35 10 70 80 71 52 55 6 90 86 27 58 4 92 45 51 8 68 3 48 3 71 39 78 34 90 30 92 17 6 80 5 68 51 37 39 55 45 46 98 31 25 8 35 70 53 38 
78 73 41 78 76 13 17 6 99 60 36 43 29 94 76 34 63 79 72 54 34 17 52 84 0 78 92 88 0 97 26 78 22 20 8 51 33 26 57 84 38 94 79 19 40 55 54 55 34 78 10 21 47 62 57 47 92 50 35 44 99 14 74 22 34 83 73 19 61 82 3 99 28 82 70 69 90 24 24 76 54 86 97 1 49 7 49 93 9 36 38 8 50 12 82 84 47 7 3 8 
90 58 59 18 93 30 87 83 6 64 59 61 50 9 62 51 16 63 97 25 0 87 85 2 51 68 87 99 75 42 59 17 1 19 36 94 1 75 77 7 91 88 20 42 49 35 45 17 98 42 94 50 29 80 53 81 0 92 32 27 34 91 45 35 62 33 29 63 60 58 23 52 99 95 46 0 30 91 18 81 34 12 31 15 44 36 48 96 80 80 24 15 72 21 2 34 6 84 50 18 
94 25 70 93 20 68 46 51 60 64 32 46 28 15 61 25 4 10 21 84 90 97 99 14 70 2 1 28 86 3 47 80 28 69 26 48 38 72 51 50 88 35 96 68 51 57 45 55 19 19 91 10 16 91 76 39 45 77 67 83 80 66 15 60 36 93 9 26 65 12 76 5 48 72 26 51 81 71 58 1 90 49 63 59 92 39 98 89 69 17 72 1 36 88 62 24 33 23 50 51 
35 78 56 35 2 82 38 83 6 96 36 96 98 99 7 90 91 57 80 12 75 4 13 63 44 27 87 78 2 89 29 90 67 85 25 69 20 64 4 78 12 41 26 10 92 34 1 35 91 33 47 18 37 13 81 82 92 68 60 95 57 89 85 24 26 62 45 98 78 2 76 91 43 3 1 87 37 54 23 80 87 22 99 77 87 80 11 80 49 71 75 58 12 12 35 90 74 80 89 53 
34 17 44 29 20 97 17 9 4 92 90 43 14 89 20 2 21 31 34 22 54 9 81 66 21 16 9 47 48 98 52 83 15 48 12 88 46 81 97 50 73 39 45 40 80 66 94 2 49 28 24 56 89 57 22 62 25 83 9 26 81 62 9 49 10 73 37 8 7 34 10 32 26 56 72 6 74 18 60 75 46 37 31 87 94 6 49 20 89 11 46 71 25 7 20 87 32 57 48 39 
43 58 72 21 66 96 28 92 15 88 68 13 77 99 1 72 5 2 44 95 13 42 18 90 1 90 78 33 99 26 25 42 36 49 16 3 97 44 95 12 84 63 26 62 15 79 86 20 81 82 67 47 24 85 37 25 75 15 10 74 93 35 69 30 36 85 85 34 81 80 46 17 96 24 31 63 55 69 83 37 51 3 84 75 88 21 52 16 89 63 42 82 50 11 64 87 48 49 21 81 
82 19 99 30 96 82 93 51 52 28 40 3 31 24 31 20 98 83 88 87 46 30 21 97 94 86 36 42 35 57 24 69 28 75 99 76 9 92 80 61 21 20 17 52 97 48 24 47 31 12 86 78 43 7 27 37 93 63 31 81 72 7 50 52 34 2 29 44 94 9 5 67 81 22 72 78 70 96 77 54 61 63 84 56 71 11 45 16 26 76 49 50 36 52 2 70 54 31 66 48 
92 72 68 26 46 40 4 69 36 34 75 97 97 59 5 68 22 50 37 48 27 86 50 15 90 52 85 44 36 4 45 28 76 13 54 74 53 11 95 89 45 70 39 94 29 44 63 3 95 52 3 74 90 53 41 81 6 78 25 42 82 70 22 58 83 77 85 36 40 80 78 37 3 69 31 84 13 46 88 60 98 91 86 41 45 27 22 3 6 99 45 88 70 19 99 5 48 84 94 88 
16 72 77 19 41 9 4 6 55 44 67 6 35 53 47 32 81 21 35 39 20 32 27 90 52 26 48 0 62 42 41 31 14 18 2 7 27 58 13 35 2 32 41 90 38 40 22 71 61 10 10 81 94 37 24 98 16 72 99 78 14 92 61 80 10 64 87 90 22 52 25 25 85 18 67 75 10 41 46 23 51 56 4 98 45 28 96 61 52 47 92 66 39 53 98 2 17 37 92 92 
90 69 69 27 39 36 2 49 77 48 72 81 56 28 79 1 9 75 15 61 23 7 80 14 12 78 16 82 16 60 74 58 29 43 85 68 31 39 69 8 39 93 89 95 74 20 96 35 96 11 48 71 70 28 37 83 59 54 17 27 14 43 37 96 86 74 16 69 13 38 77 52 83 19 99 57 39 47 92 87 11 41 10 81 21 48 16 32 2 33 11 68 76 48 64 14 22 81 35 87 
19 13 91 54 84 90 12 23 38 56 63 49 49 73 82 71 21 99 3 75 84 15 96 13 15 60 79 38 93 15 77 64 80 69 19 64 11 83 39 1 39 2 50 89 28 85 12 1 36 67 29 72 34 25 85 50 37 65 40 83 32 17 99 12 86 18 28 98 53 67 51 45 22 2 86 2 39 98 3 75 65 32 47 0 57 85 2 95 2 42 30 34 59 29 46 98 0 26 48 53 
93 99 98 67 53 84 69 92 34 73 19 52 57 19 4 15 4 6 62 6 48 92 92 59 21 90 9 73 16 57 27 9 9 77 29 62 14 98 7 48 71 78 0 29 97 4 96 1 10 10 59 10 54 3 22 27 93 31 1 9 41 28 71 50 57 0 64 71 98 71 20 22 50 72 3 99 77 51 53 39 61 12 2 15 16 24 42 61 7 95 71 48 23 94 98 81 46 15 52 44 
86 24 18 88 97 73 40 26 24 93 17 37 57 19 4 25 95 47 87 3 42 10 51 18 4 2 51 50 17 55 46 55 80 17 96 29 90 36 7 67 29 24 4 38 96 9 64 91 8 51 46 2 13 50 72 69 52 23 71 21 79 17 28 11 86 24 92 29 12 99 96 93 23 52 32 19 61 96 63 21 99 9 24 12 59 96 33 63 72 4 36 3 73 17 14 60 41 6 89 6 
57 37 99 80 89 31 52 3 79 67 24 30 28 0 94 88 49 27 3 73 31 92 76 5 9 42 65 2 0 6 8 57 95 60 89 84 91 93 87 23 60 64 53 89 16 48 29 17 75 84 90 7 76 66 64 37 8 81 40 8 87 0 17 82 60 7 18 4 0 58 27 13 74 32 2 90 80 83 8 8 67 98 67 96 17 31 85 77 12 25 86 51 78 55 85 38 62 55 94 15 
13 73 28 87 6 30 78 38 13 38 46 32 88 65 28 5 96 14 35 60 91 21 63 21 28 0 12 91 56 6 6 69 80 34 57 86 16 87 76 81 77 75 13 65 40 94 23 89 60 58 1 3 31 65 25 59 65 37 2 21 43 60 43 23 94 52 61 62 91 38 43 68 65 9 85 5 3 60 94 63 70 96 66 53 13 43 13 30 80 67 4 24 28 47 99 74 51 13 89 42 
3 32 62 68 41 99 25 96 60 20 11 82 68 30 36 33 73 1 15 54 68 19 30 48 18 81 75 69 94 64 11 49 96 73 69 90 25 95 38 85 67 50 67 87 80 55 20 53 56 35 59 25 7 89 25 25 71 0 95 17 64 58 67 13 84 36 3 9 83 93 46 50 43 13 37 75 21 57 81 77 45 92 54 52 82 80 77 5 80 24 22 45 83 41 10 67 30 65 76 13 
58 22 64 54 87 1 81 8 11 62 86 8 55 92 60 89 72 89 94 53 14 68 50 97 10 12 16 92 77 92 5 35 66 21 89 53 75 71 14 86 85 52 94 92 44 6 81 17 95 27 22 61 96 24 58 58 36 74 50 13 18 7 0 84 81 42 90 56 65 4 94 50 8 40 95 52 46 76 21 93 4 95 55 52 19 65 62 7 40 64 72 10 71 73 95 4 15 85 12 32 
41 6 34 1 46 29 53 44 6 27 38 62 22 45 66 94 10 28 1 2 92 74 13 15 99 8 20 66 45 32 98 38 39 32 39 37 62 44 34 20 71 24 34 94 69 0 88 31 80 41 34 72 67 47 87 66 7 7 32 4 92 82 94 83 67 33 72 81 29 6 53 1 30 87 47 51 39 35 83 19 28 17 43 96 16 30 62 75 90 47 79 82 81 73 65 48 58 37 81 87 
96 34 40 78 73 87 30 64 74 65 83 3 34 26 99 50 9 13 25 99 12 56 33 46 81 98 94 39 87 28 78 83 62 19 62 88 58 44 52 33 9 88 36 43 66 87 45 75 52 22 26 17 78 59 63 11 9 9 2 97 37 80 32 52 51 94 40 10 38 92 43 99 80 31 42 47 70 39 74 22 61 1 39 91 60 2 2 70 64 4 19 1 37 51 53 88 98 93 98 88 
38 93 88 18 76 82 17 46 22 44 21 35 45 60 27 57 15 81 79 79 86 50 32 75 2 86 63 52 31 14 40 69 59 28 40 36 63 9 82 37 53 3 72 50 16 51 60 83 33 91 14 71 42 46 46 96 84 9 48 16 75 88 37 35 69 77 23 32 87 5 21 92 61 93 43 29 45 55 64 30 46 78 1 88 76 47 84 13 8 32 29 36 21 18 23 42 48 46 26 35 
3 47 79 64 40 74 45 37 29 9 19 76 39 20 16 16 19 1 29 28 85 10 16 58 80 39 0 28 85 26 15 88 73 95 53 66 69 50 55 51 60 75 27 51 47 43 67 67 96 48 47 82 10 63 40 91 2 93 71 87 71 87 75 97 82 80 63 3 31 70 54 43 97 33 94 45 29 14 12 25 14 11 59 77 74 52 20 76 45 91 63 68 78 38 65 60 71 80 16 2 
51 22 97 0 56 91 45 85 5 9 62 72 20 74 49 94 26 69 22 23 60 85 91 39 76 57 51 47 89 19 1 92 42 98 93 98 89 90 35 47 52 49 71 72 23 20 19 49 41 41 24 1 79 68 92 55 77 96 54 66 15 55 59 57 5 52 7 46 94 42 45 46 44 16 19 67 88 90 69 29 83 93 83 14 13 75 21 90 71 75 57 87 82 68 96 39 72 4 86 66 
98 31 13 42 0 84 10 88 74 31 70 9 76 53 24 90 28 45 80 52 73 89 91 7 57 39 47 29 43 85 96 94 68 61 36 68 45 98 9 71 81 79 80 58 84 56 48 64 54 80 16 79 22 59 86 31 99 85 13 94 70 61 88 39 22 77 59 67 27 68 38 9 99 70 67 83 79 67 48 85 99 16 64 21 28 2 53 79 40 18 73 10 79 14 1 1 91 61 68 70 
81 58 79 81 80 98 16 11 17 16 96 69 85 12 90 13 67 95 92 7 13 17 17 92 31 19 45 74 32 13 45 13 23 76 94 4 27 11 15 96 79 64 65 64 76 8 77 43 3 21 50 69 39 20 13 70 91 59 97 23 24 42 36 48 70 83 4 97 46 71 94 25 87 11 90 64 19 67 59 75 41 62 44 80 34 9 50 25 68 47 0 45 41 36 45 64 71 1 61 17 
24 7 43 12 19 85 28 90 4 39 65 45 1 9 25 87 71 28 12 91 27 12 36 69 1 33 85 72 34 46 90 59 6 85 23 77 70 51 67 26 90 33 72 44 94 97 31 65 77 96 57 5 60 45 26 61 79 11 86 13 9 76 24 67 13 47 44 35 50 64 61 93 97 85 89 43 83 72 9 12 68 18 17 29 63 43 42 42 6 28 8 16 56 84 83 69 84 80 56 86 
44 70 79 93 55 68 36 38 93 97 51 61 15 20 42 31 16 85 25 22 13 85 90 70 70 74 91 6 6 48 92 50 18 72 43 73 92 31 64 85 81 67 99 48 87 41 79 55 26 57 78 92 42 20 62 64 46 53 70 52 53 63 2 71 87 97 97 31 81 61 69 62 80 68 10 19 61 42 75 40 99 5 32 93 25 94 58 72 99 28 76 53 43 79 24 30 28 21 62 9 
34 31 23 14 51 34 34 12 28 61 4 27 66 36 72 43 30 30 67 30 11 44 83 54 75 59 85 3 33 99 65 67 82 88 34 85 74 20 49 2 81 54 81 99 90 54 94 73 36 62 3 47 58 38 2 33 49 39 88 82 90 53 2 24 94 36 9 68 56 58 23 37 64 4 88 55 10 82 28 47 96 83 46 54 73 0 39 74 39 28 57 81 33 59 5 27 95 66 96 3 
77 19 92 41 75 80 48 86 14 28 85 11 63 31 65 88 84 57 63 75 85 20 57 18 31 14 98 26 81 94 29 10 65 73 51 40 53 52 78 67 80 15 78 96 99 96 84 83 53 47 58 90 19 15 60 50 82 58 76 15 4 57 25 69 30 28 10 35 32 40 3 13 56 33 61 55 81 45 38 86 93 96 28 12 64 89 63 98 47 91 13 52 1 90 73 83 70 35 71 3 
76 26 68 32 59 29 39 93 74 29 79 19 77 8 84 93 49 99 91 48 42 56 52 95 98 26 31 69 61 2 24 89 28 44 73 39 73 12 32 99 41 12 71 19 72 55 12 21 6 56 69 48 12 74 44 11 0 75 32 13 77 56 3 57 0 76 96 25 89 29 76 82 93 47 53 17 2 18 90 60 74 11 9 38 85 5 1 85 80 33 99 9 41 2 18 93 30 14 18 71 
95 47 54 88 94 59 5 49 77 47 9 51 59 18 42 44 75 43 82 55 77 81 16 70 35 34 64 17 1 34 89 96 81 95 85 76 54 42 77 32 90 86 35 1 57 29 45 32 73 27 40 2 60 8 72 47 43 36 65 96 23 6 92 56 1 29 84 55 72 61 39 14 48 27 67 57 56 12 89 29 92 29 31 4 38 56 52 33 44 69 29 67 75 73 24 28 3 8 35 27 
22 75 93 22 54 60 79 62 24 68 44 16 50 27 21 40 83 25 25 28 46 6 47 73 79 23 1 34 32 36 61 6 63 54 28 17 66 7 32 91 27 76 7 29 3 80 21 87 57 98 67 55 56 14 28 88 38 29 22 22 18 36 28 81 90 8 51 9 15 83 0 94 59 59 76 14 92 49 1 49 48 68 5 4 35 85 92 73 67 67 95 85 3 75 18 45 83 21 54 50 
56 54 96 67 66 72 82 58 22 35 7 22 4 64 78 91 50 71 64 17 38 11 54 93 86 72 38 21 46 93 71 2 99 19 70 65 92 52 23 66 87 83 40 43 99 18 86 49 89 50 18 79 13 24 24 51 49 63 72 95 8 95 97 59 15 19 25 59 23 0 77 63 35 17 6 35 35 93 36 77 95 7 8 9 31 33 12 32 96 85 27 56 32 77 15 99 96 92 10 72 
93 87 35 80 4 41 15 92 86 52 69 34 11 29 95 42 62 7 75 10 44 54 66 29 31 82 28 80 26 39 4 71 26 39 52 83 32 67 27 71 71 96 5 82 25 52 77 40 59 4 50 56 58 17 85 42 51 65 74 77 4 78 1 83 17 53 18 1 72 45 72 44 93 77 78 18 29 7 10 41 11 61 97 22 30 34 16 81 99 42 10 4 20 63 39 89 16 57 90 89 
54 63 85 47 92 15 17 74 23 28 15 86 89 12 60 19 98 76 52 97 18 14 53 90 78 92 31 46 1 74 87 55 89 72 54 81 40 72 55 15 0 70 53 41 34 14 12 32 42 16 82 61 30 35 3 60 28 35 7 81 61 94 37 50 19 91 31 11 15 39 26 15 61 31 8 48 45 20 32 88 88 14 1 71 50 4 31 30 91 90 11 52 37 0 54 8 44 38 19 59 
77 97 27 38 28 87 38 26 60 71 14 48 37 67 19 87 23 51 69 15 93 33 19 82 33 74 90 29 64 61 41 41 58 20 31 39 7 70 65 67 93 31 16 30 98 35 70 21 38 39 88 84 72 60 66 58 86 57 39 50 18 80 91 29 52 74 20 60 44 37 79 89 68 95 20 18 83 90 91 73 81 80 57 6 92 24 16 78 81 55 28 51 88 71 32 40 45 52 52 42 
41 32 83 9 27 3 79 62 45 71 36 79 3 93 85 47 17 53 25 50 8 5 54 48 76 86 89 73 91 93 67 32 25 51 94 5 54 73 67 52 96 55 31 51 49 68 98 18 21 75 21 81 80 75 30 8 61 71 82 52 64 49 37 42 0 31 47 7 56 14 11 53 22 94 56 71 62 55 41 35 30 62 68 63 89 98 71 3 21 53 7 38 55 44 80 7 75 27 14 32 
93 25 37 15 71 45 38 33 52 32 20 83 46 89 98 36 39 69 39 13 75 46 51 30 91 31 37 18 10 4 2 3 81 91 71 53 37 61 38 89 93 59 24 40 0 22 28 91 44 67 4 19 65 55 49 8 38 38 27 48 42 81 4 24 73 75 77 10 88 67 51 82 26 76 74 78 98 54 70 94 73 26 13 38 82 14 47 72 53 26 21 47 7 77 23 32 4 52 42 92 
20 94 26 98 22 52 77 72 6 99 67 79 25 80 70 59 95 17 32 0 95 5 47 54 82 71 87 86 23 29 30 95 75 57 94 97 9 71 70 68 22 37 47 47 69 17 59 16 86 91 16 33 96 16 88 30 39 75 16 14 56 46 10 84 55 4 81 17 27 3 85 1 92 84 0 14 2 59 30 40 50 99 74 98 67 62 28 6 89 96 20 45 95 82 29 50 38 63 67 17 
18 4 18 63 89 19 77 43 78 59 35 81 58 9 79 25 23 8 83 12 4 56 10 99 38 91 2 77 6 21 46 25 78 65 40 67 84 69 62 14 28 97 95 39 7 27 64 82 35 0 47 91 56 57 43 94 0 97 23 7 70 70 84 48 87 76 15 23 45 29 37 73 27 85 12 86 12 29 20 99 29 67 42 85 76 85 31 77 34 55 36 5 77 72 53 64 0 21 87 45 
50 76 18 29 61 83 15 25 12 36 24 93 55 67 30 32 4 61 61 39 68 49 96 97 73 49 61 73 22 0 18 73 77 88 54 90 23 22 16 87 10 92 80 65 11 10 49 68 24 10 59 92 11 55 42 84 56 3 9 79 56 27 4 85 68 58 27 91 32 95 79 42 88 11 8 51 22 57 19 98 20 78 42 83 85 84 20 42 40 29 73 96 9 77 33 29 87 60 20 20 
56 51 62 96 63 22 99 37 32 19 35 52 49 77 87 35 62 7 77 54 37 50 2 98 79 35 27 66 47 47 38 3 51 53 51 14 75 51 51 7 22 86 11 71 15 99 6 29 6 35 83 95 85 85 93 16 20 72 35 20 20 73 23 71 26 27 37 2 30 88 61 52 26 73 23 41 24 82 23 30 17 6 78 55 44 71 23 16 44 58 36 16 32 12 39 10 39 76 64 21 
16 26 73 94 51 48 35 75 82 10 57 0 17 35 7 13 59 82 29 55 41 66 71 25 78 62 35 69 90 52 90 6 78 15 52 81 63 87 8 46 50 65 98 67 1 57 80 60 39 61 15 32 27 38 57 57 52 93 26 42 45 68 0 75 83 52 8 47 91 16 45 41 81 95 60 34 4 92 46 43 54 13 28 81 51 85 39 55 30 17 97 27 86 49 2 69 1 62 68 93 
78 65 86 60 12 47 46 16 39 93 12 93 6 40 27 10 25 18 65 56 35 15 83 73 64 38 95 66 0 63 11 31 81 97 91 93 96 37 10 88 82 22 33 89 62 12 51 39 30 16 47 18 31 83 91 96 73 86 14 73 2 77 4 83 26 47 76 23 37 38 63 19 12 96 60 26 9 11 66 91 80 65 9 11 48 1 59 21 39 25 47 41 2 51 76 29 51 5 4 88 
43 19 59 8 15 20 34 76 83 52 68 63 18 29 27 66 82 38 40 22 64 87 15 18 90 92 99 41 49 55 81 44 74 93 52 42 13 39 18 48 91 38 12 9 68 39 28 50 77 68 24 93 55 40 12 45 84 11 39 33 67 72 29 93 65 82 35 30 21 6 79 64 96 91 74 16 82 54 19 59 22 43 53 29 35 65 74 71 28 65 4 47 38 86 41 55 68 28 86 41 
86 17 5 83 8 31 99 90 85 18 1 7 62 54 88 49 71 15 21 52 80 77 99 70 63 92 26 83 73 64 76 59 81 82 42 41 65 42 83 51 12 84 10 74 91 99 24 14 14 45 66 46 74 18 17 38 62 95 21 35 59 98 47 92 32 41 33 97 35 16 0 48 52 63 22 43 14 98 58 80 95 76 26 70 94 95 60 57 90 81 44 1 31 43 93 63 85 78 13 20 
