100 100
8 77 20 93 14 64 36 17 76 34 34 34 48 37 58 99 84 3 68 95 60 41 14 5 4 19 56 39 9 64 51 70 42 23 63 8 40 99 26 16 85 12 2 33 1 60 32 85 15 53 32 76 94 46 81 50 17 89 41 79 53 93 49 47 68 64 8 8 15 34 25 0 98 27 85 99 40 69 36 55 22 68 31 68 67 64 19 36 5 60 15 59 5 16 58 74 80 66 82 95 
52 59 47 50 87 32 49 27 54 85 34 76 6 66 45 25 82 16 61 88 28 29 47 86 97 57 60 30 24 94 77 76 54 25 27 93 9 28 20 63 66 54 92 72 72 89 97 55 5 10 95 85 91 94 71 89 51 83 19 75 78 96 4 84 73 83 77 83 11 49 98 77 55 90 1 28 31 50 35 88 61 82 74 52 76 97 93 27 81 12 55 11 61 59 95 34 94 72 69 5 
21 68 35 28 10 36 8 94 87 43 82 0 77 8 4 53 6 98 33 87 62 88 50 23 99 45 10 93 69 79 50 42 99 85 70 62 74 79 56 61 74 90 61 52 99 65 5 5 15 38 44 78 78 94 53 29 91 63 74 60 95 25 2 46 62 72 8 36 51 64 49 78 55 62 30 6 80 87 11 95 78 7 25 56 53 79 38 44 94 12 4 41 89 6 88 52 30 96 40 82 
13 42 60 20 4 42 26 36 29 89 32 7 96 9 16 49 40 6 45 35 18 49 76 60 7 64 64 37 13 4 71 26 46 83 98 3 25 24 39 7 13 23 14 61 33 82 62 25 88 7 60 59 8 89 19 15 5 83 52 18 39 24 96 38 7 94 41 85 70 32 92 35 8 58 48 93 41 10 18 81 69 79 92 29 20 11 44 77 46 49 48 86 73 44 76 32 91 17 17 13 
1 9 49 9 68 97 2 61 60 21 94 81 52 87 11 24 98 7 1 97 56 49 83 29 46 59 14 37 28 31 50 81 93 51 43 13 1 45 74 61 18 68 94 22 55 5 46 6 65 48 3 21 49 38 51 95 49 17 84 29 0 35 10 93 38 53 6 39 51 32 52 21 53 99 44 8 56 42 66 21 42 21 43 92 59 46 87 60 63 72 89 63 59 0 57 49 5 15 89 56 
48 93 78 53 92 22 61 49 16 80 70 59 1 13 51 13 11 90 73 74 62 63 90 73 15 47 23 20 14 64 77 14 57 7 67 50 81 81 51 97 13 73 56 14 39 7 79 50 50 53 25 12 68 15 38 83 14 61 3 80 25 32 47 82 39 14 84 20 47 87 18 60 61 26 27 0 86 6 50 36 11 27 48 79 94 86 14 60 99 70 93 24 2 40 59 94 54 95 14 54 
83 84 14 44 11 41 96 97 0 98 85 11 26 85 43 72 72 57 85 23 27 78 48 82 18 59 76 24 54 42 78 37 27 93 33 90 86 81 39 86 80 24 50 58 9 93 82 33 50 67 57 30 45 57 12 63 16 88 88 22 30 66 60 9 11 45 99 50 79 90 36 59 14 86 69 24 31 51 9 82 19 66 12 64 75 76 80 91 16 20 14 98 38 26 8 50 23 59 52 2 
50 88 13 16 27 82 92 58 86 2 92 57 20 56 73 96 32 53 87 0 73 53 99 64 31 7 14 55 18 18 9 68 58 75 85 85 9 77 96 95 79 40 52 52 97 26 48 81 31 87 82 57 41 33 21 24 40 87 79 58 5 41 79 63 16 16 1 25 93 49 73 25 89 25 77 38 3 77 72 35 64 6 92 57 39 13 82 31 52 13 89 57 54 20 20 22 36 21 0 82 
70 73 59 12 98 36 50 54 65 22 89 29 28 33 39 67 98 21 98 50 86 40 59 93 12 79 15 49 53 15 83 75 40 42 87 91 78 90 45 95 12 86 24 93 71 63 12 69 36 63 71 23 55 30 16 67 61 83 68 14 51 51 90 91 93 29 82 23 19 79 18 84 65 95 77 88 10 41 9 47 4 80 22 11 62 90 79 24 25 99 90 76 51 32 20 96 62 54 20 81 
34 90 65 51 85 94 92 96 36 1 95 92 82 69 4 96 59 35 20 36 34 63 13 85 95 85 34 57 39 54 91 25 96 8 29 82 3 21 30 91 74 77 83 56 46 39 5 57 74 77 93 9 40 58 46 36 43 80 45 35 86 36 12 35 97 93 17 0 66 99 43 41 28 78 49 74 18 54 83 92 32 28 53 24 87 52 60 82 84 58 69 23 46 82 58 43 27 27 95 94 
26 38 35 6 17 36 80 35 91 15 79 75 43 85 99 82 37 12 65 21 70 34 96 68 68 54 12 96 81 7 42 59 98 29 65 15 65 97 2 8 12 81 83 8 66 83 90 55 47 7 29 69 94 25 37 62 80 1 10 61 61 52 73 59 33 38 74 99 88 28 7 52 61 91 60 28 26 3 35 25 10 64 94 4 90 83 19 70 37 81 83 98 86 8 57 19 99 83 18 87 
11 78 91 72 21 52 52 99 7 88 24 69 4 70 26 94 5 97 16 42 78 0 40 64 60 97 36 59 32 54 98 43 84 90 68 5 94 72 56 1 60 80 70 65 2 48 11 8 45 28 2 24 80 43 88 40 92 76 52 77 83 50 72 67 40 40 25 34 13 81 35 25 14 58 42 16 6 6 76 52 34 79 28 66 74 68 58 18 45 10 95 28 61 68 95 53 60 20 88 25 
54 75 51 68 85 45 36 44 51 13 96 37 44 76 55 18 44 14 88 89 24 84 17 37 52 65 91 12 37 31 90 91 58 41 59 44 38 96 88 42 61 36 31 5 12 87 75 8 53 63 98 29 47 67 67 51 32 10 16 70 93 6 13 51 99 73 47 89 21 35 31 82 23 15 39 87 54 14 96 7 29 46 36 77 13 55 80 98 17 48 20 10 54 33 14 5 58 61 95 79 
49 78 13 72 93 52 12 47 18 60 6 48 6 43 77 71 50 57 69 68 6 41 30 12 75 44 70 33 6 65 65 55 43 78 79 89 31 91 88 49 51 95 97 9 90 74 81 40 84 2 60 42 44 91 6 71 87 76 56 45 93 21 0 89 0 32 78 31 23 66 32 27 13 82 36 3 8 69 96 92 72 56 86 68 99 93 91 39 21 47 84 15 69 37 4 21 69 34 4 44 
52 36 23 66 18 12 21 27 81 17 71 5 26 10 25 77 55 16 16 76 64 53 43 85 90 47 6 11 33 10 7 86 98 31 52 69 95 25 96 76 43 19 82 21 29 7 98 84 76 67 13 92 20 56 77 62 56 35 25 89 97 32 75 95 15 79 64 10 5 12 39 48 84 21 69 13 80 19 50 56 86 63 0 58 71 77 20 27 64 97 17 61 82 92 57 97 24 73 60 29 
38 99 29 22 72 50 35 4 69 37 13 8 0 13 66 72 43 39 51 7 88 68 21 70 13 30 20 37 3 80 66 41 31 95 63 55 45 51 11 66 88 24 26 41 90 45 65 85 84 16 92 24 37 65 95 50 95 15 39 51 47 5 44 30 52 60 37 49 11 48 67 51 25 94 44 15 39 61 0 75 30 44 99 67 10 94 69 57 61 8 8 8 65 53 90 69 13 27 18 76 
76 37 79 1 31 24 68 22 37 20 97 67 64 49 34 26 95 3 84 57 63 44 17 28 49 8 97 14 35 67 90 63 5 22 16 88 98 84 11 35 4 60 3 21 9 89 47 57 93 83 14 8 28 31 37 77 91 86 92 27 6 34 42 11 8 59 51 6 43 14 42 0 27 97 21 88 86 20 45 31 4 59 40 84 43 29 13 34 15 57 13 21 44 56 84 52 67 88 59 62 
2 53 62 81 50 35 70 88 56 15 20 12 27 60 48 70 89 13 56 56 71 22 30 15 78 14 19 97 54 30 59 57 35 22 90 85 57 60 74 65 28 46 29 55 6 29 77 47 43 33 3 14 55 33 81 85 0 52 82 54 83 42 63 70 16 54 8 25 14 34 43 94 80 72 49 86 54 26 33 97 12 88 63 19 74 96 57 74 48 91 80 83 85 44 54 1 50 62 79 16 
96 22 11 28 46 60 14 0 39 99 49 3 39 12 22 13 8 31 39 9 23 20 44 8 64 98 62 14 12 41 30 60 63 41 88 61 54 54 62 93 5 11 48 97 76 22 10 36 54 50 45 77 22 90 37 86 40 99 52 5 92 34 65 7 28 6 69 82 12 83 27 70 46 75 67 22 97 29 59 3 31 4 80 53 46 70 91 87 21 43 44 14 30 9 21 58 67 90 40 32 
25 19 2 72 46 21 94 43 50 5 47 34 62 79 87 8 1 79 47 23 74 91 37 4 53 10 14 72 53 6 4 78 25 58 50 71 79 97 67 82 2 66 16 64 97 55 25 99 86 72 22 61 16 11 17 69 21 32 41 74 38 98 5 16 56 55 39 88 4 6 70 7 24 38 23 22 93 48 73 80 73 95 93 89 58 10 10 79 94 3 6 85 53 11 53 10 18 92 50 23 
51 20 82 75 58 5 49 51 6 22 83 79 17 76 20 75 39 82 7 85 37 13 70 91 24 75 53 42 68 3 17 19 23 99 46 33 5 96 36 63 18 20 42 88 96 14 63 35 48 22 21 85 35 43 28 11 71 81 6 39 84 23 10 59 75 56 44 80 52 81 95 23 53 37 11 49 3 26 37 3 49 10 88 36 53 17 0 24 50 6 15 87 81 77 46 56 34 43 88 38 
76 83 61 29 72 72 78 27 99 15 30 0 77 71 36 31 88 36 7 38 94 75 25 76 52 24 84 38 19 25 29 95 60 90 24 85 15 54 12 66 70 95 66 99 66 54 30 6 91 90 96 85 17 74 13 21 50 50 60 69 27 41 64 87 83 88 24 98 42 89 16 64 84 34 64 2 89 46 8 80 88 56 17 57 30 83 79 80 85 91 1 12 32 65 51 15 5 76 66 0 
65 82 16 1 69 32 3 58 31 63 90 19 19 7 29 2 42 8 34 27 51 36 91 83 1 95 50 59 71 16 59 88 51 75 41 20 60 96 30 91 59 20 10 30 79 39 32 22 99 67 1 50 3 45 85 56 40 36 15 63 4 26 51 7 54 44 79 14 40 9 5 99 29 67 81 9 59 14 83 10 33 84 61 88 29 46 44 21 34 12 84 39 90 35 98 44 31 78 10 71 
87 67 22 69 35 4 30 46 18 13 56 3 49 17 91 31 16 87 52 50 51 37 41 42 24 40 38 56 70 1 27 9 68 50 78 3 54 8 1 24 73 58 27 23 27 70 54 43 57 6 46 9 43 39 3 68 31 41 76 1 42 55 11 63 5 41 18 11 50 20 87 23 78 66 98 5 36 52 1 46 11 99 7 54 90 10 74 22 3 2 75 98 58 86 61 15 28 79 27 30 
99 66 5 29 33 4 87 21 8 40 67 19 39 74 74 81 36 0 3 40 3 31 90 13 17 51 28 97 30 55 79 82 74 85 11 7 89 98 28 97 38 48 17 29 74 43 11 11 95 66 3 50 97 45 63 67 96 44 16 78 51 96 60 25 81 72 32 22 22 13 19 13 61 88 42 87 83 5 50 31 24 53 81 73 98 97 40 46 41 57 25 44 53 85 70 86 9 2 8 84 
67 79 97 28 68 39 68 3 97 18 34 73 24 68 46 74 17 87 21 10 96 46 54 1 83 24 87 45 79 95 29 46 74 26 27 94 17 95 50 66 13 36 39 37 56 86 64 73 25 85 35 73 83 42 74 18 66 13 63 97 8 44 44 34 70 23 81 40 70 83 6 83 19 46 73 76 32 37 1 9 74 89 82 57 31 56 27 49 21 91 47 81 87 43 15 10 66 48 50 36 
83 56 71 3 54 96 31 38 85 84 47 11 73 29 68 56 37 48 6 58 91 53 39 78 96 7 88 14 7 38 2 91 47 25 46 1 74 29 92 59 13 39 71 39 21 91 95 10 91 1 21 82 6 12 61 2 71 1 68 31 40 70 22 39 48 20 92 22 49 84 33 14 76 4 53 49 48 49 11 39 2 32 74 9 97 35 63 20 36 32 51 28 54 25 67 2 45 60 76 46 
96 10 61 72 66 14 73 66 15 85 6 18 69 80 79 66 67 42 87 55 26 90 84 81 16 3 35 61 15 12 8 12 22 21 36 40 35 62 7 3 47 65 21 16 45 52 35 64 94 74 19 21 64 55 54 80 59 89 94 26 1 54 38 75 75 27 16 62 89 23 65 88 88 38 4 85 90 91 1 85 65 20 58 30 28 12 10 87 1 56 13 55 10 4 82 85 83 50 48 24 
73 13 12 13 4 16 50 94 60 51 31 25 24 89 55 52 53 18 91 7 74 56 62 37 12 96 22 95 47 22 19 72 88 31 86 92 0 88 86 60 40 70 37 64 59 93 68 65 63 59 72 89 67 86 26 80 82 1 75 29 23 47 54 63 30 40 55 82 28 94 42 20 64 32 36 75 77 4 40 40 15 12 81 83 98 8 63 33 61 90 14 84 89 68 0 20 60 55 2 41 
1 97 13 17 29 50 93 6 6 33 98 22 98 79 57 48 39 72 81 0 62 48 37 4 68 37 24 29 44 78 22 46 75 35 63 56 85 8 62 44 94 12 66 92 92 23 92 83 47 26 84 61 74 73 65 42 10 89 23 6 68 97 52 95 33 68 52 70 76 66 14 70 79 32 14 23 7 7 6 54 85 42 16 59 15 81 53 77 23 29 84 43 26 88 38 11 56 90 34 85 
57 0 7 88 33 74 11 92 33 69 47 18 64 63 29 31 44 34 9 19 63 93 62 42 81 1 5 90 43 39 27 52 92 34 40 77 60 3 69 93 25 16 11 89 79 92 20 76 27 29 95 42 74 58 84 8 11 42 50 54 33 77 7 25 63 99 2 24 3 72 17 28 40 81 69 20 25 89 48 52 71 95 47 97 5 83 5 16 25 55 23 59 32 82 84 48 33 39 72 36 
63 41 16 3 74 37 75 0 79 23 4 50 71 51 47 76 35 53 45 12 60 20 71 45 54 8 93 87 99 65 76 62 58 44 65 33 82 41 85 61 16 41 11 87 93 10 16 80 15 13 92 76 33 64 73 87 24 66 74 23 83 2 85 41 47 2 26 29 43 63 90 12 5 53 51 50 15 19 30 31 32 74 59 17 38 32 56 14 98 83 37 33 85 74 26 32 77 53 61 72 
68 3 36 25 8 88 75 24 7 57 55 92 32 66 9 70 98 18 37 96 1 74 81 86 1 7 19 78 12 32 2 81 36 39 6 96 27 34 20 86 91 27 30 23 93 92 46 91 10 83 39 11 9 20 97 10 80 68 88 92 1 43 25 89 82 84 85 61 18 58 99 9 85 30 33 31 22 79 74 32 14 14 95 23 86 92 34 18 13 74 11 14 17 36 55 51 20 92 12 90 
50 64 0 88 94 85 71 68 16 45 52 30 11 47 53 50 91 39 68 4 66 79 70 83 68 25 87 40 70 99 31 20 63 83 60 9 68 83 29 36 29 81 66 92 80 71 42 72 63 11 76 29 42 99 12 62 24 51 3 94 51 86 67 66 69 79 28 89 63 57 25 44 91 43 36 71 14 79 43 77 42 72 6 84 71 71 99 47 22 2 94 25 40 13 44 61 44 24 50 7 
81 27 51 24 70 88 96 36 19 91 14 61 63 72 97 86 95 96 86 18 50 32 95 90 97 91 51 41 15 53 49 49 80 52 73 2 92 21 39 11 13 5 24 76 77 22 15 25 70 53 95 21 85 90 63 82 34 15 23 49 20 24 50 53 29 24 7 73 45 46 37 58 3 61 87 81 35 54 58 6 7 53 27 44 43 90 78 29 57 53 79 30 78 29 35 59 5 42 32 3 
89 69 61 44 31 0 77 18 6 35 24 65 88 3 9 84 46 87 13 55 41 92 85 71 74 20 30 79 15 14 82 56 84 96 0 67 48 78 85 55 13 62 72 2 65 82 86 63 21 99 19 14 44 56 37 18 77 19 49 44 34 84 0 18 32 0 37 32 78 74 39 92 36 12 94 54 46 32 17 67 31 88 34 75 45 71 45 74 91 47 18 25 31 18 95 15 18 84 47 97 
58 87 89 47 99 35 1 45 67 70 64 50 59 98 78 4 70 23 30 13 22 48 38 53 66 85 20 84 69 68 33 27 7 74 74 6 61 27 3 28 98 67 31 9 18 9 65 40 84 95 53 7 43 43 12 9 28 33 45 49 53 31 28 60 5 55 18 67 82 21 47 32 40 30 93 58 39 58 98 76 53 3 83 48 46 47 9 26 32 7 27 85 38 56 45 95 11 63 62 45 
36 62 30 77 92 23 87 84 34 86 60 39 41 95 88 88 94 97 66 27 4 94 12 42 50 10 38 13 25 52 10 14 66 92 91 11 68 78 95 2 16 7 41 58 54 81 98 48 79 64 27 35 10 92 78 60 2 68 25 79 72 88 93 91 80 36 2 48 67 49 2 83 8 44 93 62 25 43 62 56 8 90 92 70 34 22 83 88 42 8 67 14 96 13 57 29 1 59 77 68 
60 80 4 68 76 97 82 53 93 97 62 53 39 54 23 73 28 6 61 70 67 80 36 63 93 94 44 95 5 22 15 66 54 19 86 82 69 69 35 62 66 97 15 57 3 90 30 31 97 43 53 64 23 90 79 69 36 24 16 41 98 31 59 52 51 46 34 72 15 21 34 33 71 1 42 26 91 72 10 40 15 63 4 90 5 36 59 93 60 75 35 58 7 46 62 10 92 48 82 59 
21 68 92 92 21 34 71 12 58 81 5 25 96 9 16 54 45 75 47 57 3 82 67 62 81 29 72 73 29 6 33 51 26 77 95 47 64 66 11 22 99 16 0 96 26 16 50 23 43 49 81 98 84 0 60 65 30 84 38 11 90 71 62 16 1 10 15 65 28 27 39 28 43 39 76 21 55 78 45 51 27 78 49 63 78 10 28 60 94 67 72 37 90 86 5 91 48 21 56 77 
48 96 57 91 35 85 13 43 15 10 46 94 40 95 58 18 57 86 31 52 5 55 41 96 93 46 87 42 19 96 19 67 44 28 11 79 13 76 74 28 38 20 74 78 68 32 48 25 19 79 29 24 86 70 72 80 69 12 22 88 8 93 8 52 21 71 83 86 47 10 14 85 30 40 63 98 73 63 24 44 95 5 20 81 76 93 61 45 5 35 85 65 80 93 17 1 16 0 87 63 
62 53 0 93 94 15 43 19 79 19 63 74 25 35 55 53 28 69 50 85 56 35 50 37 81 19 38 97 72 78 13 34 83 13 27 29 29 23 48 8 42 63 82 19 99 89 72 27 10 22 65 67 10 15 4 91 35 94 40 59 24 53 93 8 67 73 37 96 96 86 56 90 49 90 10 0 79 34 28 42 57 45 9 67 12 65 10 99 59 50 58 84 4 52 44 71 25 81 19 21 
19 75 63 21 17 73 21 48 8 1 90 17 46 99 84 59 64 94 58 76 44 17 12 48 21 56 71 46 89 42 19 61 69 82 82 86 8 55 35 68 57 25 85 55 77 21 66 93 15 77 69 11 46 33 12 67 89 35 65 31 78 36 92 47 18 26 34 78 33 21 46 42 98 83 98 75 4 16 69 19 93 38 83 39 24 95 6 65 30 23 96 60 59 40 8 30 18 94 8 52 
15 7 46 13 90 44 41 95 61 10 66 6 0 49 46 24 96 4 90 27 80 38 39 39 31 47 69 49 93 30 53 8 37 0 74 27 96 67 22 9 77 89 16 29 90 14 54 87 70 96 66 50 34 5 90 17 53 11 67 46 41 72 7 78 24 33 58 21 0 80 82 29 21 50 58 12 16 64 51 87 60 17 37 47 22 79 64 27 43 83 26 84 56 85 15 32 70 73 5 70 
5 88 51 79 90 9 43 7 74 94 94 86 11 83 33 33 15 50 13 58 33 39 94 41 24 9 74 94 34 79 16 92 19 67 71 10 28 14 17 2 8 63 41 71 46 74 56 61 24 69 71 10 8 66 51 84 75 77 78 62 9 46 54 28 13 77 90 94 91 59 48 51 22 89 74 21 64 30 82 40 0 54 50 8 20 2 45 47 79 23 9 40 22 15 69 35 92 11 81 35 
71 30 38 93 19 12 14 35 43 49 76 95 55 26 55 27 80 0 74 12 76 36 52 98 3 73 85 96 85 67 83 56 97 22 1 68 86 16 4 81 17 80 76 72 58 84 99 39 84 25 3 60 13 55 58 17 29 44 65 14 11 48 22 60 22 23 28 9 91 32 42 8 64 19 32 23 3 83 14 39 9 17 0 74 72 10 91 53 54 56 19 17 57 41 29 79 65 10 40 8 
42 83 17 59 54 1 82 9 85 48 48 46 65 0 20 89 11 64 43 17 72 62 87 29 56 16 61 73 26 1 81 21 84 98 80 90 52 14 99 37 62 48 83 27 48 55 68 11 19 11 29 92 26 16 73 82 84 34 55 63 36 88 36 72 87 68 63 91 82 62 28 96 62 11 75 63 66 43 74 38 7 55 30 33 23 3 67 60 90 74 23 78 62 11 50 1 79 65 92 13 
80 72 9 42 83 84 57 2 27 32 92 86 87 74 71 63 29 38 23 19 64 98 97 79 9 0 80 88 65 25 1 45 97 62 40 33 46 97 87 25 29 79 12 69 5 83 84 34 74 7 54 90 5 51 69 66 3 2 6 69 27 7 14 76 21 54 61 67 52 48 44 33 79 8 54 84 44 38 19 70 97 25 60 2 28 30 20 32 32 26 1 11 33 67 39 54 74 1 73 78 
1 70 11 33 78 18 17 22 56 88 92 54 65 53 8 94 35 29 78 19 55 79 82 41 98 21 47 72 74 73 50 76 43 14 9 21 32 78 96 40 19 88 46 84 93 55 30 80 36 8 99 91 39 81 84 90 3 32 62 29 5 65 5 48 31 66 21 15 97 17 55 68 58 2 4 51 9 35 32 45 95 83 88 87 65 73 77 20 57 39 49 62 56 7 62 87 73 83 2 70 
53 10 90 11 64 95 14 73 30 46 18 77 30 58 64 47 31 41 67 88 33 68 2 89 75 64 29 49 0 83 71 53 45 62 16 9 57 30 82 39 29 52 16 11 11 81 58 94 74 77 83 7 45 37 49 73 54 30 22 54 13 45 59 11 59 75 20 68 57 3 59 86 7 76 49 70 9 7 65 35 36 0 43 34 37 44 7 91 74 81 97 39 78 56 50 38 83 71 58 41 
26 18 79 85 46 29 56 55 88 21 42 77 21 85 11 10 81 70 2 55 51 99 47 29 8 97 19 43 20 78 36 98 96 16 84 42 97 40 49 37 13 91 14 86 29 77 96 10 47 98 18 50 50 65 80 10 14 51 53 35 29 90 85 77 58 69 19 7 61 20 44 74 64 11 60 93 88 9 55 88 7 73 38 9 90 70 19 5 22 25 40 51 67 77 29 25 47 0 84 8 
73 80 35 37 91 47 82 32 56 89 20 16 63 10 25 5 81 97 10 3 74 2 6 41 80 87 18 27 40 54 87 13 34 74 2 26 22 36 10 30 25 82 46 40 92 24 46 73 73 56 28 47 59 35 40 91 74 58 70 14 12 9 79 98 84 33 76 58 69 86 88 95 68 35 35 61 11 81 86 84 90 67 83 1 54 23 92 28 33 62 95 97 71 26 95 7 60 72 65 29 
58 54 76 79 41 12 92 52 45 78 88 87 45 71 88 99 94 80 80 27 94 75 24 18 1 19 77 13 43 43 95 2 49 71 81 42 35 73 94 33 3 82 20 1 5 9 52 99 41 32 78 88 59 54 6 61 25 83 26 69 78 21 23 27 93 4 69 80 29 15 13 84 49 34 85 54 43 38 5 36 22 35 24 82 41 30 95 67 66 21 88 44 43 11 24 88 67 45 20 48 
61 34 32 62 68 70 69 63 8 74 99 30 62 76 12 3 58 7 22 24 81 10 21 76 21 97 64 40 42 84 88 55 70 21 18 90 91 39 53 51 65 5 33 27 81 98 83 39 57 5 16 38 68 89 14 41 86 30 82 80 67 70 88 37 43 58 28 86 97 33 37 62 90 23 90 23 21 25 15 78 30 31 69 98 20 35 40 58 66 74 90 85 44 78 22 40 36 2 26 33 
88 16 96 78 39 38 2 60 63 17 90 45 0 59 96 72 95 36 82 13 10 72 98 6 51 72 46 87 75 73 21 63 89 69 93 80 59 47 40 22 16 82 19 16 42 15 40 89 3 22 2 65 95 0 72 46 24 70 85 99 95 58 14 36 27 60 16 86 7 8 60 24 91 80 92 85 47 33 74 51 55 28 16 2 80 40 0 4 11 86 4 58 44 70 95 24 30 11 62 38 
72 23 14 63 55 6 48 2 39 22 5 47 2 22 49 82 62 50 86 25 36 42 84 32 13 31 56 95 42 71 85 66 46 99 29 1 58 77 55 97 51 61 44 53 35 46 35 97 96 74 75 84 16 59 16 29 42 25 77 36 96 62 3 42 62 32 95 20 62 2 69 65 63 66 71 98 12 58 48 8 32 23 92 49 34 60 30 28 37 7 64 33 70 67 27 84 0 74 56 14 
77 77 79 92 43 2 91 7 61 91 15 45 66 59 94 52 72 77 80 9 36 44 95 58 12 22 42 64 49 50 78 26 28 9 18 23 12 61 31 25 4 98 70 22 10 17 74 82 94 6 43 30 51 38 41 15 13 83 31 62 86 9 40 66 70 10 89 34 24 20 59 28 19 30 51 81 47 77 63 41 84 58 23 87 97 64 2 62 0 33 76 38 94 16 4 64 78 93 99 2 
14 10 31 85 40 34 66 87 63 81 80 47 39 56 34 88 72 88 50 72 73 26 10 67 94 66 84 73 60 35 75 26 97 58 11 38 44 29 77 8 10 10 7 49 66 42 90 38 82 40 63 56 19 25 75 65 92 11 38 52 98 66 78 96 76 41 86 21 70 63 81 32 73 88 33 91 30 23 82 65 16 45 73 35 22 48 0 66 12 91 70 62 57 0 58 85 41 44 6 63 
60 87 95 85 76 29 77 58 52 59 75 68 4 48 55 78 49 8 45 61 51 15 23 8 68 34 93 9 30 52 25 90 91 20 76 19 49 53 30 54 12 5 74 68 54 82 98 55 42 95 16 93 63 91 53 31 25 98 40 56 50 17 98 42 38 26 13 39 79 43 45 43 1 72 63 7 54 14 62 96 9 30 41 72 21 94 3 99 92 96 55 43 13 5 37 3 32 2 43 63 
46 40 7 99 12 22 6 18 36 68 66 98 50 7 70 71 1 26 70 94 74 77 89 39 83 78 43 15 80 38 30 78 78 37 77 43 12 83 61 0 3 28 98 53 87 21 77 89 99 47 35 73 77 76 12 60 54 7 27 86 45 57 65 76 47 94 19 11 30 32 63 85 12 14 39 0 35 68 41 86 67 76 59 44 4 23 56 10 83 35 96 28 45 13 56 92 8 27 55 38 
60 18 23 24 32 14 24 19 34 17 5 2 45 16 46 49 92 3 59 75 38 56 55 83 69 12 27 29 91 34 67 3 5 43 28 37 9 4 9 44 22 14 46 67 83 44 17 75 99 76 50 38 84 57 73 6 69 53 35 13 87 55 16 92 98 44 82 59 49 91 3 71 57 1 38 92 46 7 67 45 84 69 35 20 27 61 26 48 14 62 61 53 69 78 98 19 74 32 78 23 
75 34 46 84 35 37 77 33 44 96 31 28 66 18 1 45 79 27 45 45 41 7 51 10 37 1 29 63 33 60 87 60 94 85 44 81 22 73 67 67 70 50 47 36 68 48 33 0 76 78 97 69 37 48 80 26 1 61 90 86 21 29 46 67 14 43 49 37 16 68 4 86 18 51 74 86 52 59 38 28 38 36 97 27 36 29 6 38 91 96 24 64 77 23 32 91 66 33 80 34 
1 36 21 19 40 47 57 92 7 48 20 97 84 69 24 20 51 82 10 94 78 35 58 7 10 42 99 76 75 31 62 28 68 83 99 8 83 9 0 90 57 72 87 41 93 63 13 44 46 24 38 76 11 49 84 21 91 35 49 19 66 11 99 86 47 99 94 30 8 94 72 65 66 11 58 12 74 71 56 72 95 95 1 58 96 37 79 87 24 28 58 42 92 58 29 39 57 23 21 17 
70 93 82 88 4 92 0 30 63 57 55 11 4 8 69 0 97 49 39 21 29 98 15 73 56 44 12 65 68 85 82 90 78 16 78 34 8 79 17 71 88 72 82 92 32 4 44 29 5 83 2 34 81 17 8 89 62 72 54 82 58 36 24 88 52 2 75 60 33 92 84 73 64 18 65 96 22 61 77 27 45 79 14 78 96 74 68 10 98 22 44 8 11 68 97 15 23 72 76 56 
64 12 30 80 82 47 28 57 9 5 36 6 36 50 84 84 76 52 47 75 27 91 83 38 12 80 53 35 4 81 91 20 45 73 52 28 21 80 85 82 37 21 88 73 24 24 10 0 29 57 75 56 0 59 46 12 91 51 47 48 33 91 20 30 64 73 58 37 53 95 71 43 17 11 68 41 36 78 93 65 87 69 73 88 80 19 0 23 70 0 71 55 91 92 38 7 17 96 97 70 
92 68 65 61 32 34 54 68 12 47 85 52 16 58 40 48 29 92 72 51 92 95 59 35 39 97 43 56 45 40 79 37 60 44 50 92 30 4 12 95 52 97 47 20 7 87 69 88 79 93 40 24 88 51 59 80 0 2 88 45 94 67 35 7 64 85 99 94 90 12 41 42 61 88 14 69 27 83 9 7 28 1 31 17 52 42 49 52 45 37 98 91 57 33 98 21 70 98 67 60 
62 61 54 23 49 69 44 77 4 54 36 33 55 19 50 60 61 51 12 58 88 62 50 45 47 0 18 18 98 38 30 12 51 85 88 0 54 84 29 58 38 17 91 46 36 93 58 50 44 22 8 85 85 10 82 84 11 53 2 61 43 33 26 94 70 14 46 24 98 76 34 89 93 78 87 30 71 45 32 68 67 92 5 52 3 39 89 66 92 43 27 87 76 53 81 98 19 28 74 18 
4 9 59 49 39 46 31 62 91 63 82 58 56 87 63 11 27 52 77 71 95 56 59 24 62 40 22 81 20 97 51 24 58 10 26 49 8 57 11 99 21 94 58 29 81 73 40 60 25 17 32 20 73 43 96 35 83 71 69 4 20 20 80 78 83 58 27 91 16 90 91 89 84 1 18 18 74 58 78 51 27 62 23 52 5 20 88 41 91 9 45 11 29 77 41 64 36 20 56 4 
10 99 93 95 52 63 13 78 21 43 29 0 6 52 52 11 24 92 52 67 1 49 30 83 79 71 47 67 43 55 71 54 54 64 1 58 27 66 36 0 9 65 52 67 70 4 79 46 49 83 14 2 85 96 85 64 20 85 31 63 40 54 69 47 18 22 5 97 88 94 49 50 59 1 17 81 57 96 28 58 32 94 61 17 90 98 81 62 83 64 26 76 18 47 75 88 70 32 85 58 
26 86 60 38 39 78 19 48 26 99 59 58 45 20 75 36 70 8 50 6 72 76 82 90 76 9 30 46 41 67 56 68 53 17 6 44 95 77 93 73 77 4 32 22 24 59 10 46 68 61 52 92 89 86 35 65 95 65 11 37 33 20 57 38 37 15 83 84 92 28 57 21 32 41 44 8 1 6 54 21 19 7 13 9 93 48 26 41 14 90 30 47 10 87 85 99 2 20 35 46 
0 44 68 32 38 12 92 39 70 47 60 90 6 25 51 51 74 29 92 88 19 22 87 81 61 24 32 15 97 19 62 97 64 30 30 2 94 22 93 16 21 5 6 27 30 9 31 56 39 75 44 10 50 83 92 11 60 76 27 57 96 41 54 60 71 36 14 17 11 59 33 32 16 40 12 98 1 43 55 92 70 51 3 20 35 47 32 47 23 11 4 19 52 58 79 75 47 45 92 58 
56 25 42 72 17 54 71 19 49 26 11 20 77 66 40 64 13 24 11 37 87 67 56 39 78 88 14 25 85 58 83 42 84 77 66 53 32 37 72 33 15 36 53 45 54 46 61 68 70 73 57 58 92 13 49 70 53 16 95 39 74 30 33 10 8 99 64 92 89 88 25 4 76 31 1 31 77 63 99 99 88 56 9 80 21 11 51 27 27 98 66 53 81 51 64 41 50 80 33 39 
68 10 96 45 41 97 76 70 60 27 70 0 35 31 81 8 42 84 35 69 82 1 75 63 52 39 56 55 19 89 94 39 0 42 84 93 40 12 64 52 39 86 53 74 17 86 83 60 70 70 81 4 72 56 20 76 47 76 83 18 18 30 58 18 72 94 63 64 7 27 17 46 13 22 73 31 60 8 43 30 78 24 86 2 33 6 31 80 35 14 51 53 44 9 23 69 3 86 33 10 
66 2 9 79 24 34 62 84 94 57 66 24 34 53 27 67 11 10 99 98 24 50 3 21 11 26 90 67 65 75 29 31 78 90 62 2 24 77 39 70 34 57 95 68 10 74 87 74 84 87 24 60 89 28 33 53 6 75 20 71 51 1 54 29 92 17 83 68 46 22 39 80 80 34 49 42 60 36 68 44 75 93 56 17 73 90 70 79 65 42 51 16 43 57 97 35 26 81 4 72 
55 95 53 87 81 54 30 41 42 50 37 18 43 45 35 16 87 57 48 53 99 51 21 94 8 71 30 35 52 86 59 7 33 12 95 14 18 77 7 61 27 44 31 23 89 18 91 29 75 39 82 26 90 55 20 51 26 50 38 30 88 97 90 21 62 85 87 80 14 94 93 41 90 24 16 32 42 60 61 17 99 43 43 42 50 64 93 29 66 83 59 7 80 49 28 42 86 16 75 0 
62 68 94 53 45 62 85 87 22 46 57 74 41 0 16 91 16 61 20 35 44 32 42 76 33 22 19 20 38 46 72 1 66 66 54 11 81 91 99 3 37 56 77 78 8 45 69 77 6 42 12 2 26 6 79 59 28 50 79 19 48 52 72 14 70 78 26 51 69 77 55 6 33 84 84 93 30 5 22 88 47 86 91 73 92 22 33 73 72 64 92 20 68 64 34 39 42 12 42 63 
89 49 69 74 34 53 20 16 10 42 4 58 29 47 83 73 69 68 98 93 33 90 65 1 6 0 92 0 64 35 63 54 36 84 28 22 37 48 38 48 43 43 58 24 42 93 49 12 62 48 5 47 38 71 48 97 23 93 97 87 80 13 93 16 97 74 39 87 74 29 87 69 24 97 93 67 90 43 79 52 91 36 99 81 59 0 78 34 45 28 74 25 41 67 93 90 93 84 77 68 
14 16 37 38 13 83 57 4 26 88 8 69 25 8 50 36 60 81 71 5 61 45 30 54 12 75 44 58 60 74 78 74 90 15 64 4 50 22 60 76 10 68 97 87 28 0 24 88 33 95 45 94 92 27 48 56 3 44 14 63 18 92 89 61 60 5 17 10 27 77 39 90 97 88 29 26 88 5 66 21 52 64 67 44 91 15 1 94 60 15 57 30 60 98 91 20 4 8 82 83 
85 21 25 35 10 55 13 50 12 79 24 65 95 91 9 87 7 10 81 19 78 91 49 38 89 41 58 45 49 40 29 87 14 6 22 76 13 87 78 26 66 2 91 62 94 0 1 53 11 82 24 41 25 73 79 67 66 37 12 68 29 93 7 95 0 81 23 13 68 2 39 86 56 82 0 2 83 1 55 46 36 79 87 61 5 66 28 23 55 93 91 36 86 98 84 38 31 7 4 99 
61 95 86 18 78 86 20 61 40 28 59 76 59 98 37 64 64 18 88 71 11 31 59 49 82 43 88 13 51 92 13 64 39 51 34 17 37 7 78 77 35 89 5 94 87 43 11 3 13 51 74 24 82 34 25 64 29 65 30 32 9 43 97 49 94 31 66 83 38 97 13 25 86 18 72 26 13 83 29 26 86 56 2 68 42 80 85 71 45 15 4 55 10 53 4 56 36 70 91 75 
67 56 52 6 27 24 32 40 7 13 19 93 69 73 14 11 53 51 83 99 66 39 54 28 92 10 84 28 80 27 55 0 84 8 58 11 32 90 51 92 3 22 37 25 96 3 36 1 54 71 0 72 10 6 52 2 16 88 83 49 16 38 1 0 46 59 11 31 1 14 75 56 89 64 81 37 68 18 38 74 89 91 99 52 97 51 54 66 40 89 15 56 28 16 8 26 75 19 9 28 
85 84 84 74 1 66 11 21 36 50 95 77 41 46 29 90 98 36 56 90 25 23 46 53 39 6 32 66 25 41 94 10 78 31 37 79 97 48 52 85 50 47 62 91 46 92 34 44 28 90 34 5 66 32 11 57 38 43 76 15 36 22 77 14 53 14 45 2 15 97 87 65 97 50 57 43 94 43 39 74 85 25 79 51 57 90 9 47 33 85 62 22 7 91 36 61 6 34 63 21 
83 51 86 32 53 95 27 47 90 18 21 76 43 0 27 52 43 36 51 28 21 65 50 81 57 39 42 15 25 57 36 60 60 74 93 13 22 72 12 12 91 33 88 86 86 68 39 81 4 90 9 78 56 12 59 13 51 53 80 76 62 16 88 23 42 81 88 16 6 1 81 97 86 21 35 24 89 74 5 46 17 67 24 73 79 35 38 30 40 18 58 2 86 46 77 80 80 18 97 38 
71 30 87 57 51 22 34 93 97 39 39 14 6 63 39 37 50 77 67 42 47 77 96 33 76 74 65 8 44 62 46 15 44 85 24 96 7 58 89 56 50 80 22 8 95 61 46 45 90 65 87 37 95 35 22 71 61 88 31 5 2 29 72 47 14 49 95 21 59 36 30 9 16 52 70 11 14 68 8 56 33 47 46 28 82 68 51 44 8 82 1 63 63 74 62 77 23 9 51 82 
97 81 44 13 33 66 76 99 34 36 8 67 35 54 48 17 74 99 13 83 34 15 98 97 41 60 27 16 21 78 50 18 11 94 83 96 60 11 48 94 47 56 14 82 10 62 51 36 13 17 19 99 84 69 49 77 81 28 93 2 58 43 20 69 90 55 17 50 66 65 97 13 21 63 47 83 77 51 20 42 20 91 42 4 13 43 81 94 71 26 97 29 69 69 50 59 25 67 62 43 
33 11 57 6 74 56 42 3 59 62 45 79 5 39 35 18 82 68 13 5 94 62 34 16 83 84 75 60 52 89 4 37 0 13 43 26 21 37 81 81 99 79 12 57 18 0 75 53 20 40 58 15 54 45 83 90 81 10 2 85 0 6 22 52 71 18 31 45 55 12 26 7 43 90 64 62 42 91 67 63 84 77 30 90 22 13 80 4 23 83 41 75 41 64 28 65 82 11 10 89 
75 88 96 19 30 60 33 73 4 0 36 88 77 66 30 52 31 11 8 6 46 49 82 39 13 62 56 47 73 66 37 48 6 33 19 37 46 52 10 2 52 98 42 82 16 72 86 47 35 94 53 81 43 87 73 9 49 29 8 22 48 45 23 6 31 94 43 29 47 5 31 51 55 73 85 71 45 71 70 81 65 76 14 61 63 39 70 65 21 30 87 21 76 62 27 59 9 71 88 56 
28 71 59 84 96 45 7 41 16 78 74 82 54 41 95 69 80 17 34 1 47 74 74 75 88 2 34 97 25 74 5 53 45 65 89 41 10 97 35 26 27 9 60 33 2 7 2 83 24 89 36 72 63 63 47 3 65 82 1 90 8 6 95 54 71 37 47 33 34 82 60 61 44 72 94 46 80 48 81 4 37 70 28 52 33 76 56 50 10 9 92 18 15 39 24 39 76 72 72 62 
54 84 75 50 9 21 49 41 70 82 45 59 52 26 12 37 54 20 87 64 29 31 34 96 71 59 87 47 83 60 10 89 96 37 40 5 59 89 46 29 23 44 40 76 70 4 65 24 24 5 40 5 36 26 54 7 85 41 7 68 1 69 58 50 6 50 55 65 91 54 46 14 98 39 42 20 43 8 96 20 65 88 25 1 14 31 61 0 73 20 20 26 41 30 76 99 80 84 65 23 
38 63 38 36 2 32 8 98 40 4 18 57 92 95 11 58 27 72 58 0 44 31 26 85 61 55 84 94 39 1 17 77 17 7 65 71 40 25 69 32 81 87 90 25 83 1 83 10 25 94 62 21 25 40 6 38 95 42 84 86 96 54 15 13 61 80 36 53 57 6 86 38 93 28 63 28 81 47 38 58 41 0 79 18 41 37 56 88 79 41 75 27 47 90 92 8 23 29 14 80 
35 52 71 80 80 34 9 61 33 47 19 26 0 50 44 93 87 1 81 18 94 56 46 41 99 90 1 22 19 15 54 6 67 25 87 99 12 96 12 45 95 83 72 47 33 16 40 20 69 74 91 15 82 89 8 81 79 62 55 99 77 10 5 97 87 44 96 99 92 61 45 88 44 69 35 30 37 28 2 7 2 93 74 36 82 83 18 62 45 25 13 74 35 70 23 75 67 72 74 59 
33 71 47 29 40 35 59 78 15 62 37 69 55 63 5 90 98 23 4 43 1 69 70 36 39 93 11 58 17 38 18 50 9 65 80 2 52 91 32 67 53 69 36 61 32 94 51 31 69 55 26 70 76 48 59 67 94 22 26 11 60 44 14 22 61 46 24 14 37 56 33 91 77 22 4 61 16 55 44 85 62 23 56 38 23 67 5 17 89 31 81 50 27 95 72 89 41 48 55 78 
56 88 21 85 62 25 98 78 32 43 16 46 18 24 84 41 91 42 11 80 25 92 82 53 87 6 42 80 6 97 58 62 37 32 47 0 9 98 30 42 41 98 88 11 22 25 52 65 67 63 98 92 7 80 45 94 39 39 74 45 36 85 60 74 69 59 26 78 57 56 72 98 55 13 61 29 90 66 47 9 81 45 53 89 77 51 35 16 90 62 14 27 47 74 53 68 33 79 98 91 
87 23 41 42 36 3 24 78 69 71 87 50 68 40 91 45 91 27 14 82 89 28 61 88 2 14 56 87 45 6 78 32 29 72 27 17 27 3 95 48 74 82 50 94 75 42 91 18 69 5 0 10 85 13 98 87 79 6 27 24 12 57 57 42 29 36 11 56 39 7 56 65 41 7 59 16 49 50 35 70 8 87 32 93 1 82 33 80 88 60 57 52 17 66 46 99 2 58 7 93 
65 64 58 58 23 69 27 24 71 14 94 79 1 78 73 54 60 58 87 48 18 96 52 87 62 99 86 16 57 94 9 22 10 19 32 33 88 59 57 11 73 3 43 75 81 16 81 93 26 20 41 44 16 45 31 78 44 70 94 1 16 55 75 26 74 8 11 14 67 68 26 41 23 69 68 4 37 1 49 63 22 42 59 38 87 42 69 32 12 63 33 80 19 61 6 45 69 69 60 36 
37 38 29 12 59 49 68 48 51 17 63 73 59 22 63 47 64 32 79 29 96 64 9 67 25 68 64 94 37 24 83 27 14 64 39 73 14 8 73 65 25 36 90 85 58 53 84 75 86 63 56 34 27 17 53 53 85 17 99 75 94 34 2 8 99 93 34 65 53 7 30 79 44 72 16 54 25 0 81 63 15 89 97 94 7 2 47 92 20 99 67 14 33 21 22 84 15 8 49 20 
16 31 99 12 3 67 18 81 19 52 44 86 41 94 81 48 96 80 93 68 79 60 82 65 34 57 49 1 65 51 21 33 82 73 45 38 92 16 19 12 68 15 98 9 61 79 10 10 60 3 78 91 15 61 56 49 70 58 50 35 61 24 69 43 97 66 33 89 82 4 53 2 20 52 12 33 83 74 43 95 77 22 87 92 35 95 42 5 5 44 92 66 68 13 62 17 80 95 7 14 
0 60 17 72 64 81 5 48 55 49 95 32 23 82 24 10 30 18 67 35 63 59 54 83 73 16 1 5 63 60 19 15 72 36 87 37 69 45 37 24 46 32 56 21 67 33 31 97 51 98 84 66 9 38 2 34 6 55 39 22 15 59 37 87 47 77 76 17 74 13 41 20 98 50 41 65 35 24 14 86 22 98 5 83 89 7 18 95 62 57 17 29 68 7 68 16 36 45 85 10 
10 78 82 8 28 75 73 15 99 87 2 73 38 59 56 27 18 74 22 32 84 92 61 52 51 29 20 39 74 57 49 37 36 83 45 16 58 71 32 57 10 86 82 48 45 38 27 15 65 2 47 1 94 8 5 97 89 26 36 16 35 37 53 71 20 98 88 78 21 72 87 32 58 69 32 55 59 60 22 76 62 69 77 8 29 83 57 18 61 93 34 96 82 87 20 2 38 60 32 59 
32 71 43 42 92 28 49 51 40 71 28 54 40 57 14 21 92 71 39 53 16 74 2 98 13 22 52 3 82 36 15 66 7 58 60 99 38 9 50 78 32 30 32 24 40 46 45 32 69 84 38 85 10 92 35 76 14 39 79 48 75 94 66 82 5 26 81 43 87 84 22 19 66 6 95 58 5 40 91 74 76 81 12 87 73 47 15 39 87 94 39 14 41 5 97 46 83 30 41 22 
