100 100
66 15 93 85 22 88 43 79 28 34 53 56 67 17 95 40 17 10 79 56 57 70 70 98 75 67 96 10 50 89 32 16 5 25 1 79 13 45 58 93 31 63 50 99 81 97 91 98 8 23 54 65 93 76 15 21 44 63 31 46 52 16 62 57 41 16 88 7 61 46 52 44 62 54 95 43 52 87 93 60 62 99 77 55 75 44 28 71 7 60 17 11 28 32 21 69 48 9 28 61 
56 81 5 70 87 1 65 39 40 58 51 2 9 80 9 36 24 38 8 83 50 77 95 78 9 68 99 9 77 80 70 85 61 76 55 48 77 20 40 69 30 91 71 39 72 32 76 48 70 36 32 72 65 79 2 75 47 2 36 76 82 7 62 95 83 17 95 12 38 35 81 68 79 4 60 3 36 36 51 59 24 35 83 89 66 86 16 13 88 53 90 22 60 4 69 95 21 16 59 11 
4 40 32 83 96 92 86 84 80 89 95 4 25 79 45 91 65 14 57 5 67 99 79 79 3 48 26 76 16 85 88 20 77 72 55 73 64 93 9 44 83 5 0 8 84 97 51 1 11 8 6 30 59 85 61 14 85 87 91 53 24 31 74 1 3 29 26 67 75 36 63 58 41 15 18 77 12 21 78 24 82 36 6 41 73 68 56 58 7 47 11 32 30 37 33 33 19 60 52 94 
48 15 4 41 30 22 18 42 95 48 18 77 36 25 19 9 45 27 19 52 26 30 84 56 20 18 41 39 30 93 85 78 8 89 19 90 63 89 84 58 89 3 88 25 80 7 34 25 34 53 77 12 35 14 68 7 32 9 98 14 2 83 44 62 24 15 52 39 4 88 98 45 91 86 70 23 45 56 48 31 9 78 43 96 92 63 4 76 24 2 90 78 86 34 40 62 49 44 2 5 
84 52 50 76 90 72 99 87 28 0 18 37 78 13 85 70 28 89 46 52 92 88 30 30 22 22 44 23 18 46 80 2 98 82 30 40 54 82 27 34 82 97 71 60 10 8 82 38 98 28 42 42 16 24 24 90 98 68 65 16 15 45 71 65 79 1 6 33 35 33 19 17 83 90 29 93 50 11 84 48 39 26 42 7 3 66 97 1 35 14 18 50 11 41 67 90 94 73 75 30 
59 94 99 42 36 29 87 87 92 71 87 84 50 30 91 53 96 41 54 31 55 24 33 19 17 1 9 12 26 85 94 37 31 93 31 68 74 19 7 67 42 94 51 44 24 94 49 73 35 56 4 43 80 90 62 50 43 23 62 69 8 8 59 92 1 90 12 76 61 19 95 4 13 46 48 90 40 98 63 76 54 19 71 86 61 85 88 4 8 50 74 69 10 33 61 12 75 73 40 37 
92 35 41 57 81 41 99 73 91 14 1 97 86 72 36 47 57 24 52 66 27 78 35 37 63 48 1 38 21 41 27 65 28 68 74 9 62 74 83 5 88 36 55 74 9 91 74 18 67 26 36 46 56 23 84 19 71 85 9 44 79 37 9 7 57 36 69 71 10 4 77 50 40 32 77 49 75 51 20 94 77 56 41 85 80 25 4 3 62 65 0 93 2 9 1 12 97 22 83 7 
26 12 10 66 96 87 68 71 90 40 66 19 96 59 4 28 36 60 84 50 25 84 44 80 45 97 44 43 19 27 2 97 40 64 15 36 51 35 60 41 75 78 12 24 37 16 4 25 76 40 75 54 24 19 34 22 68 78 65 39 57 19 36 49 84 52 38 87 39 50 81 15 28 93 91 17 10 95 42 38 36 17 92 12 89 78 34 57 8 51 97 66 23 85 67 7 89 5 46 29 
55 79 44 35 25 87 52 87 82 46 25 70 16 70 83 5 48 69 14 57 21 63 75 44 49 42 3 38 0 1 19 55 33 63 91 58 50 95 45 85 42 70 7 10 40 42 15 41 12 81 98 85 97 25 81 46 67 36 36 19 37 56 75 70 71 18 80 74 13 25 11 7 48 18 17 88 61 84 81 25 66 31 10 63 56 91 61 76 79 49 95 68 57 70 91 81 40 71 55 6 
97 18 13 45 36 83 85 49 67 67 74 85 98 84 0 7 27 13 83 58 63 78 27 72 1 18 53 93 89 60 99 38 78 13 83 67 48 21 16 15 40 91 53 38 27 53 45 7 19 80 65 82 11 92 6 64 62 60 57 4 20 57 42 51 70 78 18 70 99 34 85 39 25 38 29 5 44 27 12 63 59 29 97 70 74 3 34 36 15 92 40 36 49 35 87 71 13 5 41 64 
91 78 55 69 69 36 74 65 15 38 28 75 67 77 97 93 32 32 30 48 76 22 84 77 57 23 0 22 80 93 86 71 71 93 40 92 30 14 57 45 4 37 72 24 14 70 17 47 2 99 95 30 22 31 7 31 6 7 54 86 0 40 57 23 86 98 16 16 64 73 13 69 11 86 45 77 56 62 76 10 62 23 92 36 6 99 67 12 58 21 98 58 14 8 33 0 6 49 16 22 
75 81 43 38 67 88 15 75 3 44 37 65 67 29 1 74 28 68 38 38 42 37 96 56 45 30 56 3 31 24 77 6 5 21 44 25 9 12 52 64 56 90 29 75 19 82 1 0 3 40 38 45 29 87 1 74 69 9 29 0 33 6 59 90 79 3 67 89 67 20 5 75 62 35 51 81 69 52 33 72 44 24 17 73 11 70 99 80 79 28 32 64 87 91 7 66 47 74 7 66 
46 13 42 8 0 93 42 69 97 27 42 42 51 11 67 62 82 67 94 61 47 79 78 34 70 85 1 69 11 60 36 58 73 78 18 73 23 60 43 72 40 37 14 91 48 82 6 82 1 0 96 48 31 74 83 54 59 36 23 70 96 11 80 70 41 99 95 64 11 90 89 51 27 3 95 28 37 1 10 38 53 58 39 85 32 22 39 43 10 14 66 6 78 46 28 19 97 24 36 61 
66 25 64 94 80 59 74 70 12 36 60 18 95 99 55 79 21 46 23 83 60 89 90 90 87 70 10 37 94 98 98 61 75 14 7 55 26 33 25 38 21 38 8 16 37 63 96 11 9 71 94 22 12 84 12 51 55 22 88 1 72 38 14 47 53 73 55 79 58 32 69 80 70 78 96 8 41 44 19 51 15 65 73 79 2 37 31 57 12 19 10 84 58 77 84 63 50 39 94 9 
23 63 89 94 93 37 54 35 34 25 38 49 90 63 81 44 0 12 53 64 31 64 49 41 41 85 56 43 76 50 4 99 66 45 45 59 35 51 46 69 28 36 70 71 99 51 15 52 63 69 16 95 33 17 88 26 2 45 21 78 95 78 30 61 23 27 73 10 79 19 79 7 56 50 78 7 1 94 11 17 63 80 64 48 97 52 26 52 97 99 82 45 77 64 58 53 92 31 63 71 
51 43 30 59 45 9 66 98 55 78 15 70 58 79 18 7 32 96 11 81 95 94 78 73 10 37 26 2 20 41 73 23 84 56 82 81 65 49 80 20 79 95 42 89 75 60 48 59 8 60 40 3 6 19 28 16 8 54 19 28 48 44 52 32 0 86 66 17 35 46 89 66 41 31 7 16 43 56 75 51 16 68 55 22 39 83 38 47 90 9 27 38 54 31 22 6 18 88 24 5 
34 13 72 28 45 79 96 88 87 24 40 3 92 47 77 83 82 68 82 72 77 9 62 83 41 37 90 59 25 66 64 12 79 88 92 24 20 88 65 7 12 57 63 56 56 40 39 38 8 73 63 38 83 25 73 76 62 63 87 40 29 3 4 61 92 96 37 64 36 2 23 49 11 86 57 67 27 49 58 87 22 21 77 57 46 51 33 61 66 72 53 96 76 57 9 20 5 46 84 41 
1 7 42 12 46 0 32 25 1 90 64 75 11 42 33 9 93 18 70 59 91 75 7 67 32 16 39 37 15 23 31 16 82 73 28 28 25 60 5 26 50 70 54 13 12 87 23 57 5 45 68 48 21 28 67 5 96 6 43 11 81 26 27 64 99 56 44 77 68 50 55 71 20 9 36 84 48 59 41 54 57 61 54 78 89 22 83 86 28 78 97 10 4 77 26 56 85 70 33 53 
72 40 76 44 50 13 80 98 24 73 4 81 35 11 11 76 33 95 62 13 25 12 23 82 89 1 90 26 24 75 79 96 15 8 93 17 73 73 16 97 99 72 31 34 83 42 62 16 89 25 30 67 89 5 49 30 7 39 56 31 14 87 79 29 47 72 47 20 98 15 18 97 39 1 83 23 43 45 91 85 22 73 52 63 31 1 93 38 92 1 21 6 41 0 87 88 25 86 9 75 
53 79 24 93 80 7 68 75 4 59 60 79 85 12 42 16 65 88 6 57 41 27 15 82 79 55 71 4 93 32 31 47 11 55 92 43 14 60 70 71 71 31 50 8 95 92 24 13 32 30 22 74 9 38 56 89 45 79 45 38 11 77 37 74 84 81 69 99 93 40 70 65 23 72 73 70 16 50 83 49 80 58 75 90 96 83 31 93 63 76 83 26 5 21 53 90 54 22 41 48 
14 63 65 89 35 90 60 51 40 95 52 73 53 27 15 1 11 46 94 26 74 30 52 80 3 5 70 57 80 63 5 94 26 70 36 61 61 96 64 53 43 17 26 49 96 41 50 59 39 97 85 14 79 90 94 82 47 16 39 79 31 45 74 57 67 10 70 80 58 34 34 53 3 12 2 52 54 5 11 45 54 49 59 33 91 5 15 90 73 54 70 4 51 96 13 71 58 83 51 16 
18 37 69 73 50 24 25 56 29 89 1 83 90 13 16 81 18 83 23 44 37 93 48 41 89 62 12 47 97 15 15 15 53 37 41 55 61 18 11 42 7 12 77 49 25 45 30 96 28 6 40 65 99 40 58 89 2 70 88 0 86 56 67 91 93 60 46 6 79 57 48 38 21 25 88 99 22 70 95 50 76 87 67 76 27 26 17 82 96 57 82 34 13 1 77 6 62 23 64 93 
32 12 31 6 89 71 5 11 42 52 61 18 39 29 46 18 7 15 0 3 73 34 90 38 36 67 97 50 43 61 95 27 74 26 85 15 50 42 79 92 94 92 62 85 73 61 4 80 28 4 36 1 91 78 92 27 97 89 29 40 50 24 20 76 2 5 92 52 48 23 96 94 15 11 32 89 72 88 21 0 92 57 54 83 87 46 62 85 87 43 77 37 67 97 14 22 55 58 26 55 
81 23 1 48 34 33 89 58 21 11 10 66 20 64 1 8 62 16 93 49 59 22 39 79 20 5 53 27 63 79 34 96 54 35 44 40 69 86 98 42 49 61 8 69 25 10 29 40 26 74 41 37 97 80 16 69 85 69 48 0 1 82 48 55 17 93 96 38 31 46 81 80 7 89 1 85 51 83 77 29 57 18 67 6 51 35 27 88 57 75 41 58 9 89 65 79 34 61 17 65 
60 98 45 67 40 99 52 43 82 29 73 91 0 92 50 3 79 77 91 88 5 32 98 66 22 64 45 56 77 63 74 37 13 71 57 5 70 61 49 4 43 74 96 43 18 98 46 49 27 89 38 32 74 36 51 48 52 96 56 30 11 30 19 77 2 76 82 24 38 83 29 81 9 25 76 27 23 74 29 50 15 19 35 89 7 38 37 60 34 94 42 98 76 61 75 78 38 9 55 28 
93 84 61 2 61 89 82 36 63 63 38 78 82 25 20 89 63 57 49 50 3 91 48 80 5 75 10 95 36 65 75 81 1 36 36 62 25 18 98 40 33 37 18 15 62 38 4 78 48 6 28 51 49 28 83 54 55 46 1 91 11 76 73 65 12 9 27 89 79 78 29 12 15 0 79 29 38 83 7 38 89 87 42 91 15 25 97 70 71 99 14 35 75 39 0 40 48 79 29 79 
57 11 43 72 11 22 54 1 5 13 40 47 1 82 38 68 59 35 91 31 86 5 18 62 44 70 54 44 49 35 23 7 46 18 31 57 40 37 11 45 51 51 44 52 85 34 72 44 22 63 27 8 20 45 22 16 67 76 60 17 12 35 76 10 53 7 68 93 45 79 91 48 82 87 52 67 22 24 63 96 40 91 56 60 88 79 77 8 7 89 25 71 25 53 82 30 12 2 24 9 
33 67 57 67 54 9 34 28 86 49 24 26 40 81 86 81 12 15 89 19 5 66 43 30 19 25 12 31 27 88 93 12 55 50 79 62 12 65 90 98 14 67 24 7 48 62 88 12 78 29 31 83 47 74 65 66 51 77 49 30 66 42 42 73 45 21 35 57 38 78 7 53 45 31 60 45 45 0 57 23 81 40 58 28 67 23 94 18 53 95 1 71 90 43 96 87 17 32 96 55 
10 3 8 7 86 20 52 31 72 61 7 53 1 65 81 20 41 27 39 46 75 40 17 65 35 13 4 4 97 0 60 59 3 20 66 41 93 70 72 65 31 79 19 85 97 52 5 38 32 96 36 7 88 5 24 24 18 28 28 68 28 40 27 83 61 46 24 6 16 96 71 0 28 42 85 77 47 90 67 79 87 3 86 75 8 10 51 78 90 32 46 18 72 26 1 85 72 77 91 40 
25 63 40 5 57 25 82 4 68 49 83 7 52 21 34 60 83 86 39 73 18 37 91 42 15 44 28 87 73 19 80 99 34 20 4 44 98 87 48 18 88 84 25 41 5 11 53 41 97 44 14 67 82 58 10 97 54 90 37 28 9 69 79 96 89 83 40 39 22 40 9 11 76 86 4 34 98 57 75 47 54 89 15 88 99 77 37 54 67 74 34 28 43 13 76 85 96 68 76 71 
9 86 34 85 72 38 71 70 47 46 70 53 88 85 41 87 14 79 41 81 5 27 61 49 40 38 86 89 58 14 60 67 0 46 5 25 36 76 47 35 23 17 89 63 54 30 50 68 9 44 1 67 71 15 68 12 5 54 1 63 68 13 31 21 59 88 98 95 64 97 30 39 15 71 2 21 2 5 90 63 49 43 30 20 58 98 32 63 4 85 27 25 50 10 98 9 98 96 56 14 
45 39 6 12 10 8 34 64 13 76 28 14 19 10 35 30 61 19 93 65 57 72 42 7 82 40 17 32 88 25 47 34 16 5 46 27 13 32 91 79 8 71 93 80 34 80 10 95 0 55 60 57 80 3 64 14 95 33 47 84 11 46 70 27 51 16 54 16 1 98 47 9 21 41 89 55 21 51 50 73 7 63 30 87 18 47 53 13 32 0 49 43 98 19 71 1 88 77 18 89 
75 65 50 49 58 40 4 32 91 7 5 50 70 88 89 88 35 43 53 67 95 3 11 94 74 34 47 14 11 65 55 39 83 6 88 41 98 44 25 41 51 31 92 73 19 33 13 6 76 67 25 24 22 88 70 48 22 17 15 86 35 70 25 18 76 65 11 26 61 37 68 65 68 12 90 39 45 4 97 74 23 22 98 97 11 20 97 85 37 12 71 72 83 48 42 11 65 54 90 79 
43 58 44 11 70 86 2 67 90 99 41 65 73 91 62 36 11 12 22 1 24 45 73 59 46 68 23 63 22 13 42 65 23 38 28 93 25 82 12 67 33 54 33 6 97 47 95 9 59 17 10 36 14 35 95 12 55 70 76 77 35 18 94 58 57 74 3 34 8 16 1 41 22 34 0 19 34 95 80 93 64 42 81 78 30 77 91 85 99 67 15 35 37 9 45 46 36 1 32 44 
69 34 38 91 20 38 62 54 85 43 0 49 85 81 79 67 10 22 53 10 41 68 97 79 29 94 77 17 95 10 14 64 44 52 7 16 42 70 71 27 13 23 28 50 4 7 18 67 30 23 29 71 91 26 2 72 72 80 90 68 90 4 84 86 56 92 2 50 62 25 77 27 48 5 29 5 64 99 72 94 22 53 18 65 79 20 38 3 0 28 71 42 32 56 28 40 0 83 90 14 
8 19 41 9 76 22 66 40 74 90 87 96 43 5 62 74 25 52 77 26 80 1 20 64 9 49 56 9 32 98 23 92 69 16 53 45 90 19 37 64 61 76 61 4 81 75 30 7 79 8 85 11 9 5 27 70 6 83 79 90 33 54 83 2 22 88 99 12 8 88 77 69 65 90 26 98 17 56 57 96 64 42 7 25 0 34 95 58 69 26 49 2 80 84 56 54 72 7 67 32 
95 96 54 12 86 80 11 55 36 68 51 53 63 10 30 15 96 78 73 65 56 22 19 89 58 27 43 31 34 10 63 81 6 69 46 44 49 57 99 38 77 2 43 92 64 73 7 60 3 81 77 60 55 48 49 14 75 92 97 61 55 12 43 13 82 41 58 31 50 9 21 27 64 64 20 28 90 27 41 93 60 18 53 16 67 54 82 94 47 79 56 2 91 51 15 73 44 25 57 94 
87 78 21 51 43 93 31 33 73 72 26 33 43 32 1 62 86 83 56 85 62 64 87 6 67 55 79 11 32 36 5 19 15 79 22 58 72 54 43 45 78 21 31 21 53 32 83 92 68 92 77 30 56 17 88 76 24 68 87 56 56 45 28 71 24 50 81 48 56 76 94 35 98 25 56 51 9 92 43 77 84 73 60 92 90 48 68 14 68 8 70 25 53 50 96 29 1 30 77 57 
6 23 92 4 0 1 8 10 93 3 39 29 76 99 21 18 0 42 32 68 50 55 93 55 5 42 84 6 72 61 16 30 37 60 35 37 13 95 47 6 98 87 35 27 38 9 45 38 51 78 7 1 85 52 56 90 94 92 49 66 5 65 97 42 77 84 80 91 31 79 49 29 66 37 8 57 46 54 95 97 84 54 50 69 7 58 11 1 50 60 20 7 77 69 50 7 5 82 98 36 
61 99 17 80 36 26 37 34 32 84 83 68 39 33 89 98 43 0 99 93 13 71 53 42 40 3 49 45 85 99 33 98 99 51 78 87 29 15 22 61 0 57 81 91 91 70 89 34 70 40 80 35 12 33 78 4 88 27 2 25 79 35 23 78 38 2 17 67 69 91 80 69 49 61 12 92 31 1 78 54 42 10 89 6 95 19 10 35 47 12 60 26 0 84 56 38 38 25 6 7 
17 38 29 18 0 41 62 83 43 40 89 37 51 79 95 98 50 5 34 97 70 94 75 22 30 83 60 20 61 18 80 78 57 9 48 9 2 10 92 97 2 82 34 53 13 29 4 63 87 38 13 9 84 40 31 67 24 43 87 85 62 67 15 19 28 15 28 31 25 72 28 27 54 15 33 19 96 89 83 35 27 48 44 63 88 27 30 64 71 70 1 33 89 16 4 18 83 84 1 60 
56 29 88 11 96 73 82 93 62 65 80 41 13 25 4 54 4 35 18 75 57 20 60 46 88 64 16 72 0 17 32 57 99 72 20 95 97 2 40 59 20 21 52 33 98 57 87 2 44 58 30 1 78 90 47 66 7 64 90 7 33 23 64 32 47 36 80 45 39 20 56 59 93 9 44 91 18 84 46 62 42 76 15 72 66 14 38 25 30 29 33 64 4 49 48 3 86 28 48 77 
1 5 88 46 66 32 90 84 68 36 98 10 12 13 82 30 79 73 8 10 54 41 74 10 42 74 13 80 3 62 57 56 19 45 2 37 30 44 73 98 80 71 61 44 36 95 75 15 20 35 77 74 76 51 84 70 26 50 51 81 64 60 89 35 58 43 72 88 88 97 38 20 20 99 65 56 47 92 23 67 27 1 42 55 4 78 25 82 28 28 15 92 89 56 79 47 0 51 87 40 
0 25 60 20 77 25 28 24 69 52 91 96 5 33 51 61 64 29 96 44 57 11 89 98 68 68 97 20 72 84 12 72 10 72 93 87 50 21 63 19 25 54 68 82 40 19 44 4 0 40 48 10 3 37 8 23 58 58 43 30 42 7 2 4 32 47 43 82 69 6 53 46 61 21 29 53 93 25 57 45 17 57 55 72 47 16 96 5 74 91 35 68 99 89 73 31 37 68 65 58 
75 70 4 88 92 85 93 37 62 50 34 31 59 90 4 6 58 0 63 32 43 50 0 42 40 25 25 29 94 90 87 21 61 43 61 5 81 54 94 95 56 28 27 15 70 31 74 28 83 37 60 26 88 13 21 80 38 46 9 84 89 96 5 2 91 18 59 72 72 53 68 80 33 47 96 4 78 22 84 13 11 45 39 99 10 12 31 0 11 40 85 0 88 42 54 32 13 13 56 85 
18 24 18 51 71 14 7 1 88 92 66 99 89 58 51 99 70 82 51 81 75 36 33 15 31 87 47 44 52 4 81 70 80 51 22 4 65 29 57 5 21 24 5 10 82 56 61 52 38 13 86 65 1 19 81 84 59 28 80 11 84 14 82 65 65 56 21 83 85 78 88 59 2 93 21 36 49 35 89 40 48 27 5 1 98 86 86 57 67 18 21 3 32 55 68 98 11 41 81 48 
20 69 59 74 15 81 11 16 68 52 56 16 79 14 69 77 52 7 87 71 26 8 75 10 15 95 8 26 37 41 26 57 63 86 31 30 19 94 46 87 46 3 55 25 17 24 55 21 84 42 93 62 2 68 72 17 63 33 95 0 26 21 57 89 7 41 19 78 35 66 65 82 21 20 59 90 97 14 11 33 56 4 95 58 72 67 27 36 52 22 88 79 44 46 20 3 39 40 34 74 
58 99 8 31 72 68 21 21 82 84 54 91 89 49 1 13 68 29 1 21 51 90 0 47 88 20 3 27 12 37 53 22 36 62 53 60 82 26 81 64 63 35 7 52 36 9 17 5 38 19 26 89 9 26 89 97 98 92 76 11 29 29 33 17 91 39 78 73 65 11 90 28 99 97 32 35 6 2 40 96 21 18 38 82 44 27 31 95 19 7 6 48 36 39 17 80 78 47 5 96 
59 47 76 58 97 61 93 55 63 86 52 84 4 90 18 1 17 49 96 36 56 54 36 44 93 5 76 24 53 34 72 12 81 0 22 78 61 15 34 24 53 38 60 10 28 78 11 97 27 59 33 35 13 21 32 58 78 60 34 31 94 6 95 76 7 17 6 20 33 40 45 38 30 5 48 58 36 11 55 15 22 40 3 87 13 35 98 92 95 32 23 42 91 19 18 50 36 24 70 21 
17 67 12 47 25 12 58 61 24 65 76 98 6 79 86 71 66 84 63 14 16 39 56 59 10 74 9 98 50 32 72 19 99 84 67 24 96 77 37 72 42 14 71 0 45 57 72 12 93 35 26 61 26 82 21 36 8 82 35 58 66 59 30 18 43 49 94 91 26 32 64 68 46 87 69 91 96 93 3 89 28 81 50 7 63 23 43 23 6 30 34 24 89 64 42 84 13 37 28 39 
69 44 59 67 31 80 58 27 73 14 68 54 47 18 61 63 94 56 86 52 87 20 76 28 84 19 65 49 8 45 40 77 89 0 44 72 32 54 51 6 20 19 12 68 89 73 31 35 29 69 87 68 42 64 49 26 35 14 28 43 11 68 20 0 68 16 24 53 22 75 59 43 46 23 63 87 96 94 23 77 15 10 46 57 26 95 36 61 61 64 4 72 32 24 24 53 92 48 58 15 
75 17 58 73 92 21 60 88 67 35 17 34 98 63 92 24 10 28 86 23 44 90 47 28 67 71 33 59 71 91 74 98 60 84 71 52 57 84 40 76 71 58 11 69 73 3 94 36 83 32 11 79 74 59 7 41 82 41 53 54 32 79 4 93 64 76 45 73 12 38 50 83 96 13 5 21 68 51 9 51 83 21 30 57 80 89 51 62 30 4 68 63 83 73 56 99 1 53 73 65 
91 75 48 39 88 5 61 56 56 70 59 91 43 41 49 23 30 52 38 61 56 6 76 91 31 84 91 32 37 16 97 81 91 98 20 79 3 33 87 12 56 46 3 99 39 4 23 69 56 13 82 64 19 10 56 3 94 99 87 84 15 85 65 6 35 85 37 90 19 24 2 75 22 58 26 61 62 1 82 71 14 65 35 86 75 43 89 22 42 76 6 57 13 71 15 48 8 4 91 27 
80 93 54 2 3 33 15 66 34 50 89 49 67 24 35 94 20 76 16 62 52 74 72 66 45 39 66 6 44 57 85 24 3 92 79 6 25 46 24 59 96 13 60 15 90 47 10 10 23 26 24 76 53 96 94 98 36 12 56 32 70 42 56 73 34 87 31 59 34 56 70 82 21 31 98 11 30 8 73 54 86 98 82 39 94 28 90 82 40 46 14 10 88 23 35 74 10 67 33 96 
75 56 31 96 39 29 60 69 89 33 23 27 31 5 19 78 33 9 12 26 7 27 36 48 2 24 22 64 91 8 61 18 16 92 14 55 73 74 24 14 60 48 41 91 5 60 21 91 21 34 17 81 13 5 29 15 29 3 79 72 63 92 90 79 36 57 34 9 83 59 75 43 59 69 35 16 81 8 7 3 42 76 36 55 82 17 22 63 20 2 36 36 94 26 67 83 35 2 44 19 
13 20 62 24 89 49 40 70 58 0 25 52 28 61 8 62 78 82 26 51 84 62 87 31 40 54 66 28 8 10 47 73 30 61 97 71 11 38 42 21 90 19 73 18 81 33 81 11 16 7 62 52 21 1 35 13 8 1 41 68 12 40 42 94 2 39 66 13 29 60 86 19 79 11 38 12 45 19 24 13 78 38 17 99 40 5 64 0 58 6 68 22 98 10 17 0 2 35 65 31 
95 51 51 26 63 41 39 60 12 63 25 90 53 94 41 93 99 5 45 58 63 14 32 62 76 49 62 78 36 80 62 83 31 65 10 46 6 1 58 18 16 35 8 69 30 1 63 29 58 60 39 22 74 24 36 3 73 50 81 62 30 95 45 14 60 7 12 66 8 71 84 24 6 44 94 36 45 9 18 4 69 9 78 96 33 66 99 59 16 32 73 99 28 18 13 88 78 77 7 86 
48 91 11 7 88 57 95 85 66 65 41 87 27 19 83 12 85 82 71 54 15 96 53 95 67 18 83 45 95 90 31 96 34 94 3 22 51 98 59 69 16 1 57 43 20 40 55 58 75 79 12 90 75 17 85 42 35 20 87 30 63 71 26 97 17 81 71 21 32 30 90 48 31 99 91 4 92 46 62 67 77 26 9 53 43 46 95 78 66 35 60 29 58 39 26 75 20 49 96 4 
80 39 52 63 90 43 67 82 42 81 49 19 59 58 24 2 56 72 32 23 7 45 52 65 36 31 92 56 32 41 61 64 80 65 28 70 9 47 53 3 81 54 74 40 65 99 95 21 71 27 96 30 24 49 47 60 32 39 69 64 80 82 29 12 47 9 83 8 56 88 11 89 94 38 30 59 37 25 33 60 4 29 90 29 30 37 41 62 28 10 79 61 92 60 73 40 21 8 0 29 
96 12 19 91 2 1 2 39 26 35 51 82 65 41 63 47 30 5 62 10 67 41 71 60 53 45 52 26 53 52 55 2 16 74 93 18 27 47 9 5 83 12 88 0 53 3 47 35 60 9 46 28 2 69 40 7 14 92 33 20 96 41 22 13 67 67 83 95 66 45 0 49 57 88 1 63 44 1 50 4 62 48 32 17 18 72 24 84 16 10 4 13 3 78 78 70 97 13 65 64 
58 66 65 68 6 19 31 50 20 33 7 34 82 39 51 52 64 28 36 80 90 93 93 93 23 23 63 21 37 29 85 47 47 2 15 5 21 98 8 41 32 15 28 66 6 79 18 70 59 6 3 49 99 96 42 23 72 58 96 9 39 33 8 38 35 24 43 57 74 3 50 6 18 78 24 77 10 42 47 69 1 50 71 0 99 13 75 23 23 23 32 62 56 40 0 92 16 96 1 91 
99 51 49 70 82 74 47 92 68 46 13 69 49 84 22 0 50 49 23 73 73 7 88 81 47 40 73 16 36 26 7 88 78 8 10 12 82 57 56 3 55 69 24 4 54 46 4 56 96 79 29 21 86 69 2 34 10 28 2 98 54 61 38 84 69 48 96 4 57 52 7 13 74 31 69 28 78 26 36 26 5 65 99 92 87 53 78 97 81 32 47 88 93 86 72 62 34 21 66 44 
25 73 9 99 5 30 79 35 56 15 13 14 33 64 58 20 17 88 69 99 20 16 39 13 2 11 75 89 84 42 85 10 67 94 61 24 24 93 11 33 60 24 47 93 40 57 65 58 45 34 9 65 51 48 78 5 11 53 46 96 47 31 58 15 25 71 91 2 64 3 35 25 79 34 70 20 91 36 30 36 70 91 1 73 39 79 31 2 84 77 50 84 61 60 99 38 32 42 40 48 
45 27 25 77 61 96 97 52 32 79 40 54 70 41 80 9 72 11 63 9 40 14 93 53 26 44 92 58 86 84 59 32 12 84 9 73 32 58 78 16 37 18 71 7 12 3 68 84 66 83 93 6 97 38 12 24 82 4 34 69 88 93 53 52 30 14 26 62 72 56 79 61 26 2 20 38 5 88 75 71 71 20 29 21 59 41 97 41 97 83 10 38 29 63 90 59 77 68 73 1 
76 52 62 3 6 82 93 11 22 68 34 46 89 16 67 0 9 16 41 59 99 4 97 28 19 39 39 49 8 13 50 36 17 65 39 24 99 33 87 22 53 74 20 42 90 39 42 51 55 36 10 6 40 7 35 59 99 26 8 59 91 11 95 9 28 35 85 27 20 72 1 73 46 21 68 88 60 62 40 15 98 50 74 90 10 61 2 9 87 62 68 79 25 63 40 53 50 25 81 70 
49 82 96 48 4 64 36 16 78 28 84 29 79 58 71 89 19 73 50 58 36 18 89 13 33 29 67 84 6 48 6 8 82 54 56 38 18 44 55 49 73 91 78 4 49 49 45 20 75 95 78 63 65 68 76 98 49 43 34 8 43 93 16 26 47 24 64 18 20 71 67 45 62 97 49 11 98 46 83 73 93 62 36 58 82 13 9 31 8 95 39 52 88 7 78 36 83 94 54 56 
66 73 1 28 70 3 92 68 49 75 42 43 37 30 53 71 95 62 3 4 58 94 8 98 54 38 34 37 32 40 93 98 13 47 79 35 50 71 4 51 46 98 46 36 80 0 59 76 14 62 32 24 9 40 23 15 30 9 52 62 50 98 13 15 97 92 51 47 63 7 50 61 5 97 49 85 49 9 13 63 23 97 40 84 89 15 99 19 24 4 82 26 54 95 42 51 39 45 50 54 
52 0 15 9 49 17 46 98 78 60 14 53 57 54 38 99 69 37 18 45 41 52 72 47 47 66 98 38 11 0 92 15 1 60 24 2 77 70 1 7 82 67 60 92 21 50 91 42 88 61 87 81 14 59 29 13 77 79 52 40 80 44 55 33 4 79 87 33 2 40 92 36 7 5 80 80 55 71 22 95 85 10 77 99 21 58 64 99 89 16 91 21 13 47 6 69 78 94 55 32 
34 47 69 42 52 49 22 60 73 45 55 58 7 84 9 80 94 73 31 84 90 23 5 55 70 12 24 48 58 79 33 92 79 2 34 83 3 9 43 76 6 99 86 65 83 95 45 78 69 29 62 11 52 19 18 74 83 42 74 41 74 7 86 53 9 72 36 13 81 80 41 39 79 28 4 14 75 2 92 44 31 6 7 83 26 25 9 61 20 83 55 94 91 41 99 52 13 87 17 47 
67 59 86 98 39 43 13 14 45 57 11 76 64 70 11 42 48 72 55 68 55 10 14 98 3 13 3 17 0 72 16 20 83 54 70 22 97 83 89 42 93 0 70 57 70 33 51 18 5 6 38 13 17 52 63 20 65 66 89 18 39 57 38 22 12 8 97 9 44 86 4 37 86 74 46 8 60 97 79 65 3 17 30 72 22 94 45 39 12 86 57 3 44 47 78 56 8 75 17 4 
13 21 93 51 48 39 59 8 88 90 25 91 8 56 16 82 2 61 21 14 99 79 70 43 78 48 51 38 75 69 42 88 90 35 39 38 26 50 46 14 41 72 58 1 80 26 83 82 87 4 48 86 35 18 82 66 66 33 4 41 2 99 29 45 86 20 83 65 71 82 79 64 6 89 65 86 15 0 20 54 56 68 93 44 39 27 10 5 60 66 99 15 65 80 60 4 1 95 69 24 
29 0 88 35 90 5 73 57 57 45 64 65 66 57 9 5 36 71 10 96 38 61 63 55 42 75 59 95 23 28 19 52 29 59 40 71 16 65 80 73 11 44 38 77 53 0 82 89 71 44 38 61 6 1 17 48 29 28 95 52 57 14 56 38 73 96 61 41 14 41 14 25 86 4 54 39 56 88 81 28 32 19 41 90 72 58 90 1 39 85 5 96 99 62 86 24 10 47 65 24 
88 31 49 26 88 55 66 96 43 47 24 76 18 18 66 90 76 57 44 15 94 49 63 94 63 1 70 74 0 88 98 89 71 0 15 11 55 33 8 99 32 32 27 50 50 93 93 79 2 37 46 97 38 62 43 2 15 65 28 16 53 26 57 25 78 72 36 34 58 44 85 90 29 12 93 31 5 38 62 60 27 61 9 65 75 52 19 90 17 47 6 23 26 63 0 4 88 36 90 46 
33 75 88 14 87 33 97 45 71 60 57 98 73 66 64 48 70 35 38 39 83 97 62 61 60 62 65 0 51 8 46 36 83 87 50 71 20 47 68 92 59 25 90 32 91 6 80 13 42 71 52 77 68 67 90 28 81 55 29 84 15 27 20 99 66 22 22 87 22 90 31 81 67 21 66 10 80 98 23 74 69 27 3 89 94 93 18 28 0 99 12 16 78 33 67 45 7 89 84 29 
31 15 63 98 88 81 8 68 79 83 94 1 10 49 90 57 42 60 37 95 11 49 11 90 34 78 87 42 19 71 23 50 86 38 0 74 19 8 95 51 43 41 4 5 91 94 14 85 7 51 80 18 1 43 60 87 21 99 81 92 70 57 42 8 95 42 35 67 2 82 18 45 23 74 3 66 68 17 52 27 69 32 98 22 76 10 9 49 10 43 42 32 0 36 93 95 31 28 14 33 
10 32 31 85 6 34 52 27 51 4 6 72 88 4 94 64 15 56 66 25 51 60 9 51 96 2 98 27 82 13 13 92 97 44 30 56 30 34 35 33 38 41 6 26 46 52 43 13 60 61 38 63 21 99 66 69 2 65 49 84 30 62 29 79 58 11 35 40 45 70 73 35 64 31 13 10 36 56 23 48 69 13 12 90 64 78 12 66 95 61 3 77 75 32 57 33 95 44 25 40 
67 98 75 31 82 88 41 18 97 16 18 66 81 82 9 45 13 21 64 8 82 67 38 57 51 95 42 46 91 67 86 58 17 61 89 99 1 82 69 98 50 40 65 31 22 74 29 35 95 93 96 29 60 34 38 63 81 80 9 72 99 47 31 16 60 20 68 61 55 89 60 5 29 77 89 52 3 18 39 50 11 35 79 23 69 17 86 50 97 47 23 48 94 6 64 54 26 32 67 81 
74 79 39 3 56 28 7 59 46 47 9 57 82 40 32 4 57 18 54 6 65 29 54 11 35 71 65 14 55 32 47 29 12 86 33 20 66 40 32 12 87 93 21 22 34 53 26 43 23 32 50 40 14 56 51 49 27 68 15 35 53 63 64 17 1 49 37 68 90 69 32 29 63 54 3 49 59 29 92 83 14 42 75 28 51 27 29 30 47 45 65 0 60 30 17 13 79 55 81 21 
76 14 3 91 20 6 40 79 88 33 14 54 27 90 82 30 69 63 61 16 8 26 17 20 8 86 34 40 41 15 13 70 81 16 61 1 75 54 33 15 39 47 69 66 89 3 49 58 66 10 27 27 88 44 47 49 30 81 89 24 49 2 46 82 71 59 36 98 13 69 65 52 68 86 71 58 89 20 16 7 82 43 34 70 39 34 19 22 15 60 98 16 15 44 99 38 3 35 88 17 
56 53 21 24 39 92 82 80 64 51 39 46 94 74 69 86 8 40 60 75 1 58 44 68 2 43 6 57 30 46 26 86 99 48 10 90 92 93 22 57 96 61 55 90 35 24 28 95 65 88 23 18 46 67 38 0 62 96 58 44 42 84 30 93 84 92 83 77 37 5 34 33 66 89 76 54 66 4 1 83 45 76 1 43 95 91 44 9 87 54 53 29 90 35 22 75 80 57 4 17 
14 90 3 80 31 79 86 97 35 40 80 80 16 33 24 64 76 20 73 63 74 27 44 16 14 18 91 94 75 47 12 41 37 15 22 69 46 60 18 81 0 51 14 69 84 38 33 61 58 6 76 84 85 21 0 0 91 44 46 19 91 10 60 81 25 34 50 23 95 68 5 47 19 19 68 56 9 1 69 19 60 97 55 97 70 55 49 62 51 96 81 95 6 93 76 84 28 26 7 75 
46 12 22 18 83 91 26 92 44 95 63 56 44 18 54 15 26 3 77 77 99 10 72 6 3 0 90 31 78 49 58 25 14 81 95 97 24 21 42 20 68 5 77 12 76 31 79 2 86 56 79 86 18 4 44 22 4 86 5 83 35 64 60 49 97 55 99 21 28 41 93 48 98 70 12 74 1 92 76 88 0 8 26 19 64 22 93 68 8 98 3 95 14 63 97 11 70 96 84 50 
89 78 50 87 0 63 14 54 7 42 94 59 2 20 78 66 42 71 87 2 22 90 97 88 6 94 52 28 42 88 79 31 66 81 71 19 96 37 73 3 79 67 63 82 87 93 0 81 17 87 83 91 78 32 79 84 79 83 64 73 72 43 5 90 77 28 9 73 65 82 29 96 49 44 30 36 37 31 69 6 18 4 97 48 37 29 84 68 12 49 41 84 44 98 75 21 78 84 95 95 
67 76 92 68 20 74 57 9 5 26 68 76 31 17 24 20 46 61 40 59 10 33 95 54 32 22 76 10 7 23 6 26 51 50 94 23 76 51 32 34 30 52 10 13 70 86 33 16 47 25 27 9 58 75 64 90 97 92 53 56 67 11 34 18 13 29 41 89 32 25 23 62 30 85 27 0 24 60 68 71 37 96 33 96 23 97 86 20 41 91 77 8 54 11 78 67 92 71 9 77 
48 32 91 78 70 19 78 94 31 47 17 69 95 50 65 18 99 3 90 40 95 19 0 1 83 78 69 27 1 30 4 50 62 96 80 84 67 11 78 98 10 96 67 5 46 32 75 98 88 17 38 35 37 39 36 20 69 57 99 23 87 4 25 2 52 5 86 19 16 65 17 78 13 85 35 11 69 10 9 9 80 48 44 17 39 81 89 60 90 88 83 78 44 8 80 96 66 18 15 34 
83 85 13 48 70 48 60 91 11 69 1 91 69 45 60 8 78 1 21 69 41 4 99 86 65 79 34 31 97 50 17 33 35 82 81 57 31 41 0 94 63 53 37 84 51 97 93 81 50 66 50 91 70 49 29 87 80 64 70 30 66 88 15 53 70 96 62 53 90 14 47 5 68 84 89 19 33 34 52 83 0 3 27 23 4 56 10 37 72 33 19 90 21 34 43 43 82 57 49 24 
72 96 29 92 33 71 63 66 5 15 2 58 70 29 81 75 37 43 64 62 76 83 52 49 69 48 93 51 5 42 76 29 90 57 21 75 28 84 94 86 0 96 44 70 77 77 97 66 72 13 28 49 48 33 98 17 81 43 69 38 37 97 68 80 6 41 55 87 78 49 73 30 97 69 52 74 98 50 93 70 15 73 19 64 6 70 81 39 65 2 78 3 51 98 35 58 91 90 45 69 
92 70 99 89 39 52 16 37 54 9 7 69 82 79 33 41 49 67 80 14 69 10 69 21 60 56 31 52 47 76 73 91 98 73 80 37 77 48 26 83 57 85 52 92 16 38 33 65 5 65 32 74 76 53 47 36 10 78 40 9 6 14 0 4 39 32 93 68 81 71 51 38 57 3 82 73 93 67 91 98 33 75 25 61 80 24 49 90 55 42 51 61 56 51 66 47 84 11 15 65 
83 66 55 92 21 90 65 15 57 8 65 42 83 42 3 16 67 5 58 22 47 10 35 3 13 53 2 49 65 17 66 0 83 22 92 56 64 57 71 21 18 89 64 53 31 19 69 50 24 28 24 23 38 60 78 3 13 80 53 30 97 19 30 32 93 22 89 57 32 12 79 50 1 95 55 33 66 25 35 43 53 60 66 43 20 45 46 85 77 51 68 75 71 98 59 16 73 48 74 57 
61 5 59 14 52 14 99 18 39 35 61 44 95 80 39 67 77 38 52 54 89 20 29 12 71 41 29 96 89 3 53 2 8 12 69 12 26 68 30 18 3 44 14 50 24 54 17 1 92 22 55 33 42 37 46 65 30 27 61 71 30 14 74 90 78 95 2 5 63 84 75 19 28 89 69 4 95 87 57 39 9 13 73 3 2 71 21 32 98 82 3 80 49 29 22 27 24 76 84 40 
60 11 59 41 53 28 45 48 67 3 88 76 68 13 32 22 84 5 6 34 87 61 14 88 91 36 68 67 12 4 7 24 68 18 65 21 47 11 69 14 66 9 43 34 22 27 56 6 32 62 92 19 23 6 60 66 94 80 86 58 84 45 83 52 64 0 73 11 63 95 77 29 4 20 15 79 47 71 37 79 85 30 51 61 36 63 79 83 43 17 41 79 63 76 84 27 77 9 90 40 
4 67 22 61 40 37 40 39 61 77 19 98 59 22 11 48 85 91 31 80 8 24 59 23 1 95 50 30 5 92 22 61 12 44 22 52 34 14 91 95 44 62 93 3 36 5 51 73 48 82 53 8 7 65 32 60 60 34 90 65 79 12 79 91 9 1 43 43 68 86 90 12 1 35 15 37 92 19 11 40 53 16 1 12 81 33 72 94 19 14 11 98 79 90 89 88 44 84 83 12 
23 73 24 24 8 91 13 53 10 24 93 16 93 46 28 26 31 1 20 51 15 84 1 94 74 43 34 18 79 17 82 2 42 6 78 3 50 92 56 12 68 1 28 61 0 57 88 31 10 60 82 25 44 36 72 71 79 58 89 58 76 24 61 70 30 91 25 32 83 81 45 4 35 73 65 35 82 5 66 92 66 1 70 62 89 42 33 68 0 75 26 28 99 39 51 29 83 76 14 66 
10 59 70 97 84 88 32 67 45 50 59 11 3 29 26 92 23 59 60 76 34 39 56 33 30 7 15 13 36 29 32 46 40 54 43 24 94 27 91 40 29 51 3 33 32 29 77 56 89 90 32 75 81 40 9 11 48 76 77 84 5 61 82 45 15 77 69 62 4 13 2 33 64 57 18 48 87 96 4 28 86 88 3 67 29 64 30 29 40 59 65 97 20 47 94 88 24 16 50 80 
29 4 65 45 13 84 93 52 32 50 80 18 90 36 37 19 0 19 0 93 79 65 90 99 12 37 39 88 53 41 68 34 45 34 79 59 18 24 11 2 26 44 72 17 32 9 88 84 80 89 77 59 6 20 11 19 57 50 7 62 44 28 96 89 62 27 0 32 3 64 34 30 60 6 99 92 67 87 76 99 28 6 59 35 26 22 6 35 24 65 49 68 93 97 10 7 76 10 91 79 
26 77 61 86 35 12 30 2 52 59 54 80 65 13 67 43 87 73 30 11 91 79 32 36 28 42 44 4 4 35 35 83 13 49 21 48 61 52 3 13 11 57 46 28 22 65 71 61 91 1 72 82 32 56 18 60 50 14 16 55 2 3 90 67 52 11 67 66 15 22 31 26 79 77 54 53 95 77 14 86 30 39 68 62 95 38 74 46 5 42 53 7 46 43 74 50 6 41 16 22 
16 0 48 47 77 55 1 24 84 67 10 15 6 30 29 54 21 4 52 26 98 57 33 44 52 59 95 58 52 63 80 68 63 29 16 93 36 69 17 20 36 80 87 95 10 17 1 31 73 53 57 71 62 42 68 14 1 15 72 6 78 53 74 94 34 42 39 70 11 56 42 48 36 82 95 99 99 96 30 72 1 40 95 63 82 63 29 36 78 1 42 9 54 68 3 40 11 42 10 74 
50 5 74 39 87 69 38 38 17 20 62 18 60 57 33 95 21 62 31 51 16 25 60 22 45 15 63 8 9 25 35 60 30 9 99 69 79 37 7 48 57 69 67 70 79 52 65 52 67 48 3 83 25 16 57 22 31 20 83 41 46 18 1 76 27 52 98 58 41 5 7 50 27 26 20 6 30 37 58 97 37 13 32 14 29 90 37 61 10 20 54 56 38 7 85 65 59 35 76 52 
40 83 2 19 9 75 77 39 64 35 89 2 1 73 16 30 63 53 43 26 25 97 34 63 56 19 81 67 54 9 19 47 92 74 18 53 49 96 44 13 83 85 67 84 59 84 15 22 89 10 0 15 60 35 30 16 6 63 84 61 72 55 60 16 29 30 21 30 26 66 96 10 3 63 94 62 99 61 37 89 72 37 56 32 72 38 0 79 54 36 92 78 92 4 95 73 34 68 56 61 
34 52 23 38 67 69 52 67 31 89 8 55 27 16 39 99 54 39 78 8 76 22 39 20 26 86 93 61 54 49 74 89 53 97 79 73 18 83 40 49 73 0 56 0 16 95 51 70 87 82 31 63 4 22 83 31 8 28 92 62 30 66 3 83 15 34 8 33 18 48 35 91 0 91 43 16 39 94 39 26 76 22 41 81 44 76 64 52 4 56 66 34 74 70 70 89 56 78 74 74 
